292460.0000000000 30.5285084533   114.3556900533  20.7340000000   0.0100000000    0.0100000000    0.0300000000   
292461.0000000000 30.5285084183   114.3556900467  20.7370000000   0.0100000000    0.0100000000    0.0300000000   
292462.0000000000 30.5285084283   114.3556900400  20.7480000000   0.0100000000    0.0100000000    0.0300000000   
292463.0000000000 30.5285084450   114.3556900550  20.7510000000   0.0100000000    0.0100000000    0.0300000000   
292464.0000000000 30.5285084550   114.3556900167  20.7470000000   0.0100000000    0.0100000000    0.0300000000   
292465.0000000000 30.5285084267   114.3556900300  20.7510000000   0.0100000000    0.0100000000    0.0300000000   
292466.0000000000 30.5285079133   114.3556900667  20.7270000000   0.0100000000    0.0100000000    0.0300000000   
292467.0000000000 30.5285063933   114.3556901300  20.7090000000   0.0100000000    0.0100000000    0.0300000000   
292468.0000000000 30.5285038900   114.3556902783  20.6960000000   0.0100000000    0.0100000000    0.0300000000   
292469.0000000000 30.5284996083   114.3556906983  20.6970000000   0.0100000000    0.0100000000    0.0400000000   
292470.0000000000 30.5284958133   114.3556911750  20.7470000000   0.0100000000    0.0100000000    0.0400000000   
292471.0000000000 30.5284925033   114.3556913400  20.7200000000   0.0100000000    0.0100000000    0.0400000000   
292472.0000000000 30.5284895067   114.3556916733  20.7450000000   0.0100000000    0.0100000000    0.0300000000   
292473.0000000000 30.5284865300   114.3556918917  20.7500000000   0.0100000000    0.0100000000    0.0400000000   
292474.0000000000 30.5284836767   114.3556920133  20.7440000000   0.0100000000    0.0100000000    0.0400000000   
292475.0000000000 30.5284808617   114.3556921017  20.7210000000   0.0100000000    0.0100000000    0.0400000000   
292476.0000000000 30.5284771467   114.3556922617  20.6950000000   0.0100000000    0.0100000000    0.0400000000   
292477.0000000000 30.5284668333   114.3556930650  20.7570000000   0.0100000000    0.0100000000    0.0400000000   
292478.0000000000 30.5284529800   114.3556955783  20.7260000000   0.0100000000    0.0100000000    0.0400000000   
292479.0000000000 30.5284411783   114.3556977517  20.7580000000   0.0100000000    0.0100000000    0.0400000000   
292480.0000000000 30.5284311150   114.3556995450  20.7790000000   0.0100000000    0.0100000000    0.0400000000   
292481.0000000000 30.5284214517   114.3557010067  20.7890000000   0.0100000000    0.0100000000    0.0300000000   
292482.0000000000 30.5284086883   114.3557029267  20.8250000000   0.0100000000    0.0100000000    0.0400000000   
292483.0000000000 30.5283951033   114.3557043100  20.8480000000   0.0100000000    0.0100000000    0.0400000000   
292484.0000000000 30.5283823283   114.3557053833  20.8000000000   0.0100000000    0.0100000000    0.0400000000   
292485.0000000000 30.5283696950   114.3557059533  20.7680000000   0.0100000000    0.0100000000    0.0300000000   
292486.0000000000 30.5283570917   114.3557062517  20.7790000000   0.0100000000    0.0100000000    0.0300000000   
292487.0000000000 30.5283446917   114.3557061767  20.7900000000   0.0100000000    0.0100000000    0.0300000000   
292488.0000000000 30.5283324850   114.3557055550  20.8150000000   0.0100000000    0.0100000000    0.0300000000   
292489.0000000000 30.5283216383   114.3557028000  20.8070000000   0.0100000000    0.0100000000    0.0300000000   
292490.0000000000 30.5283116067   114.3556975617  20.8020000000   0.0100000000    0.0100000000    0.0300000000   
292491.0000000000 30.5283026767   114.3556903783  20.8080000000   0.0100000000    0.0100000000    0.0300000000   
292492.0000000000 30.5282959750   114.3556810583  20.8120000000   0.0100000000    0.0100000000    0.0300000000   
292493.0000000000 30.5282911067   114.3556705433  20.7830000000   0.0100000000    0.0100000000    0.0300000000   
292494.0000000000 30.5282881083   114.3556582033  20.7880000000   0.0100000000    0.0100000000    0.0300000000   
292495.0000000000 30.5282858483   114.3556429983  20.7870000000   0.0100000000    0.0100000000    0.0300000000   
292496.0000000000 30.5282849050   114.3556277117  20.7730000000   0.0100000000    0.0100000000    0.0300000000   
292497.0000000000 30.5282854817   114.3556131333  20.7800000000   0.0100000000    0.0100000000    0.0300000000   
292498.0000000000 30.5282865867   114.3555983717  20.7590000000   0.0100000000    0.0100000000    0.0300000000   
292499.0000000000 30.5282878933   114.3555836133  20.7850000000   0.0100000000    0.0100000000    0.0300000000   
292500.0000000000 30.5282896233   114.3555690183  20.7470000000   0.0100000000    0.0200000000    0.0400000000   
292501.0000000000 30.5282909350   114.3555564150  20.7930000000   0.0100000000    0.0200000000    0.0400000000   
292502.0000000000 30.5282911917   114.3555449500  20.7260000000   0.0100000000    0.0200000000    0.0400000000   
292503.0000000000 30.5282909650   114.3555316500  20.7210000000   0.0100000000    0.0200000000    0.0400000000   
292504.0000000000 30.5282905567   114.3555165717  20.7260000000   0.0100000000    0.0200000000    0.0500000000   
292505.0000000000 30.5282902900   114.3555020917  20.5950000000   0.0200000000    0.0200000000    0.0500000000   
292506.0000000000 30.5282900933   114.3554880067  20.6990000000   0.0200000000    0.0200000000    0.0600000000   
292507.0000000000 30.5282901467   114.3554730983  20.5510000000   0.0200000000    0.0200000000    0.0500000000   
292508.0000000000 30.5282902900   114.3554583300  20.6370000000   0.0100000000    0.0200000000    0.0500000000   
292509.0000000000 30.5282905867   114.3554433117  20.6510000000   0.0100000000    0.0200000000    0.0500000000   
292510.0000000000 30.5282902733   114.3554286917  20.6270000000   0.0100000000    0.0200000000    0.0500000000   
292511.0000000000 30.5282900283   114.3554137767  20.6080000000   0.0100000000    0.0200000000    0.0400000000   
292512.0000000000 30.5282899233   114.3553984050  20.6160000000   0.0100000000    0.0200000000    0.0400000000   
292513.0000000000 30.5282898283   114.3553837183  20.6040000000   0.0100000000    0.0100000000    0.0400000000   
292514.0000000000 30.5282900433   114.3553696900  20.5940000000   0.0100000000    0.0100000000    0.0400000000   
292515.0000000000 30.5282903017   114.3553556533  20.5670000000   0.0100000000    0.0100000000    0.0300000000   
292516.0000000000 30.5282906600   114.3553412583  20.5600000000   0.0100000000    0.0100000000    0.0300000000   
292517.0000000000 30.5282906700   114.3553267717  20.5670000000   0.0100000000    0.0100000000    0.0300000000   
292518.0000000000 30.5282908417   114.3553115217  20.5560000000   0.0100000000    0.0100000000    0.0300000000   
292519.0000000000 30.5282912400   114.3552961167  20.5510000000   0.0100000000    0.0100000000    0.0300000000   
292520.0000000000 30.5282912583   114.3552814450  20.5360000000   0.0100000000    0.0100000000    0.0300000000   
292521.0000000000 30.5282910350   114.3552681750  20.5480000000   0.0100000000    0.0100000000    0.0400000000   
292522.0000000000 30.5282910733   114.3552548117  20.5470000000   0.0100000000    0.0100000000    0.0400000000   
292523.0000000000 30.5282910167   114.3552408417  20.5820000000   0.0100000000    0.0100000000    0.0400000000   
292524.0000000000 30.5282910283   114.3552255367  20.5870000000   0.0100000000    0.0200000000    0.0400000000   
292525.0000000000 30.5282912117   114.3552108967  20.5650000000   0.0100000000    0.0200000000    0.0400000000   
292526.0000000000 30.5282906600   114.3551971567  20.5690000000   0.0100000000    0.0200000000    0.0500000000   
292527.0000000000 30.5282903700   114.3551835150  20.5890000000   0.0100000000    0.0200000000    0.0500000000   
292528.0000000000 30.5282893467   114.3551700900  20.5490000000   0.0100000000    0.0200000000    0.0400000000   
292529.0000000000 30.5282882400   114.3551575533  20.5410000000   0.0100000000    0.0200000000    0.0400000000   
292530.0000000000 30.5282870667   114.3551453183  20.5480000000   0.0100000000    0.0100000000    0.0400000000   
292531.0000000000 30.5282855833   114.3551328683  20.5140000000   0.0100000000    0.0100000000    0.0400000000   
292532.0000000000 30.5282830383   114.3551207667  20.4870000000   0.0100000000    0.0100000000    0.0400000000   
292533.0000000000 30.5282786083   114.3551094600  20.4900000000   0.0100000000    0.0100000000    0.0400000000   
292534.0000000000 30.5282731467   114.3550986033  20.5030000000   0.0100000000    0.0200000000    0.0500000000   
292535.0000000000 30.5282660450   114.3550888133  20.5190000000   0.0100000000    0.0200000000    0.0600000000   
292536.0000000000 30.5282569217   114.3550806333  20.5100000000   0.0100000000    0.0200000000    0.0500000000   
292537.0000000000 30.5282461800   114.3550744100  20.5990000000   0.0100000000    0.0200000000    0.0600000000   
292538.0000000000 30.5282353100   114.3550684300  20.5400000000   0.0100000000    0.0200000000    0.0600000000   
292539.0000000000 30.5282235067   114.3550637483  20.5950000000   0.0200000000    0.0400000000    0.0600000000   
292540.0000000000 30.5282109967   114.3550613817  20.4750000000   0.0200000000    0.0300000000    0.0700000000   
292541.0000000000 30.5281983883   114.3550601367  20.5030000000   0.0200000000    0.0300000000    0.0600000000   
292542.0000000000 30.5281858117   114.3550587500  20.4610000000   0.0200000000    0.0300000000    0.0600000000   
292543.0000000000 30.5281727450   114.3550575767  20.5110000000   0.0200000000    0.0300000000    0.0600000000   
292544.0000000000 30.5281610150   114.3550557717  20.5530000000   0.0200000000    0.0300000000    0.0600000000   
292545.0000000000 30.5281497017   114.3550543683  20.5420000000   0.0200000000    0.0200000000    0.0700000000   
292546.0000000000 30.5281384383   114.3550528700  20.5540000000   0.0200000000    0.0300000000    0.0600000000   
292547.0000000000 30.5281274517   114.3550508617  20.5370000000   0.0200000000    0.0200000000    0.0600000000   
292548.0000000000 30.5281158867   114.3550484850  20.4700000000   0.0100000000    0.0200000000    0.0500000000   
292549.0000000000 30.5281029417   114.3550461550  20.5110000000   0.0200000000    0.0200000000    0.0600000000   
292550.0000000000 30.5280904917   114.3550443600  20.4450000000   0.0200000000    0.0300000000    0.0700000000   
292551.0000000000 30.5280783767   114.3550455900  20.5070000000   0.0200000000    0.0300000000    0.0600000000   
292552.0000000000 30.5280656333   114.3550483117  20.5220000000   0.0200000000    0.0200000000    0.0600000000   
292553.0000000000 30.5280529033   114.3550503283  20.5290000000   0.0200000000    0.0200000000    0.0600000000   
292554.0000000000 30.5280398433   114.3550521550  20.4980000000   0.0200000000    0.0200000000    0.0600000000   
292555.0000000000 30.5280268167   114.3550538667  20.5410000000   0.0200000000    0.0200000000    0.0600000000   
292556.0000000000 30.5280138800   114.3550554033  20.6220000000   0.0200000000    0.0200000000    0.0700000000   
292557.0000000000 30.5280011117   114.3550561600  20.5720000000   0.0200000000    0.0300000000    0.0600000000   
292558.0000000000 30.5279888267   114.3550564450  20.5560000000   0.0200000000    0.0200000000    0.0600000000   
292559.0000000000 30.5279766450   114.3550565383  20.5800000000   0.0200000000    0.0200000000    0.0600000000   
292560.0000000000 30.5279634450   114.3550561250  20.5810000000   0.0200000000    0.0200000000    0.0600000000   
292561.0000000000 30.5279499067   114.3550553283  20.5810000000   0.0200000000    0.0200000000    0.0600000000   
292562.0000000000 30.5279369867   114.3550543933  20.5580000000   0.0200000000    0.0200000000    0.0600000000   
292563.0000000000 30.5279248233   114.3550530983  20.5570000000   0.0200000000    0.0200000000    0.0600000000   
292564.0000000000 30.5279122083   114.3550516767  20.5690000000   0.0200000000    0.0200000000    0.0600000000   
292565.0000000000 30.5278989183   114.3550504633  20.5950000000   0.0200000000    0.0200000000    0.0600000000   
292566.0000000000 30.5278857717   114.3550496717  20.5630000000   0.0200000000    0.0200000000    0.0600000000   
292567.0000000000 30.5278729417   114.3550493200  20.4710000000   0.0200000000    0.0200000000    0.0700000000   
292568.0000000000 30.5278596367   114.3550486983  20.5190000000   0.0200000000    0.0300000000    0.0700000000   
292569.0000000000 30.5278462800   114.3550476283  20.5190000000   0.0200000000    0.0300000000    0.0700000000   
292570.0000000000 30.5278329067   114.3550487717  20.5930000000   0.0200000000    0.0300000000    0.0700000000   
292571.0000000000 30.5278207367   114.3550497983  20.5920000000   0.0200000000    0.0300000000    0.0700000000   
292572.0000000000 30.5278089300   114.3550499983  20.4670000000   0.0200000000    0.0300000000    0.0800000000   
292573.0000000000 30.5277964950   114.3550502267  20.4850000000   0.0200000000    0.0300000000    0.0800000000   
292574.0000000000 30.5277838650   114.3550502600  20.5490000000   0.0200000000    0.0200000000    0.0800000000   
292575.0000000000 30.5277709717   114.3550501783  20.5700000000   0.0200000000    0.0300000000    0.0900000000   
292576.0000000000 30.5277584217   114.3550509550  20.5710000000   0.0200000000    0.0300000000    0.0900000000   
292577.0000000000 30.5277463167   114.3550522300  20.6490000000   0.0200000000    0.0300000000    0.0800000000   
292578.0000000000 30.5277345400   114.3550529967  20.5900000000   0.0200000000    0.0300000000    0.0800000000   
292579.0000000000 30.5277226067   114.3550544917  20.5740000000   0.0200000000    0.0300000000    0.0800000000   
292580.0000000000 30.5277110550   114.3550563200  20.6080000000   0.0200000000    0.0300000000    0.0800000000   
292581.0000000000 30.5276998517   114.3550580883  20.6210000000   0.0200000000    0.0300000000    0.0800000000   
292582.0000000000 30.5276891133   114.3550593000  20.6310000000   0.0200000000    0.0300000000    0.0800000000   
292583.0000000000 30.5276782633   114.3550584617  20.6300000000   0.0200000000    0.0300000000    0.0800000000   
292584.0000000000 30.5276672833   114.3550573767  20.6600000000   0.0200000000    0.0300000000    0.0800000000   
292585.0000000000 30.5276561417   114.3550555150  20.6570000000   0.0200000000    0.0300000000    0.0800000000   
292586.0000000000 30.5276453650   114.3550535317  20.6690000000   0.0200000000    0.0300000000    0.0800000000   
292587.0000000000 30.5276346467   114.3550510183  20.6300000000   0.0200000000    0.0300000000    0.0800000000   
292588.0000000000 30.5276239783   114.3550463700  20.6690000000   0.0200000000    0.0300000000    0.0800000000   
292589.0000000000 30.5276136167   114.3550390667  20.6640000000   0.0300000000    0.0400000000    0.0900000000   
292590.0000000000 30.5276063417   114.3550286800  20.5970000000   0.0300000000    0.0400000000    0.0800000000   
292591.0000000000 30.5276028083   114.3550164583  20.6480000000   0.0300000000    0.0400000000    0.0800000000   
292592.0000000000 30.5276036200   114.3550032400  20.6180000000   0.0300000000    0.0400000000    0.0900000000   
292593.0000000000 30.5276056500   114.3549900833  20.7080000000   0.0300000000    0.0400000000    0.0900000000   
292594.0000000000 30.5276080567   114.3549774100  20.6130000000   0.0300000000    0.0400000000    0.1000000000   
292595.0000000000 30.5276099350   114.3549659750  20.6540000000   0.0300000000    0.0500000000    0.1100000000   
292596.0000000000 30.5276126033   114.3549533517  20.6910000000   0.0300000000    0.0500000000    0.1000000000   
292597.0000000000 30.5276138733   114.3549408550  20.6350000000   0.0400000000    0.0500000000    0.1000000000   
292598.0000000000 30.5276141883   114.3549285850  20.6780000000   0.0400000000    0.0500000000    0.1000000000   
292599.0000000000 30.5276152583   114.3549165217  20.7210000000   0.0400000000    0.0500000000    0.1000000000   
292600.0000000000 30.5276150133   114.3549037117  20.7520000000   0.0400000000    0.0500000000    0.1000000000   
292601.0000000000 30.5276146167   114.3548892483  20.7600000000   0.0400000000    0.0600000000    0.1100000000   
292602.0000000000 30.5276153717   114.3548743683  20.8020000000   0.0400000000    0.0800000000    0.1200000000   
292603.0000000000 30.5276161667   114.3548596183  20.6410000000   0.0500000000    0.0500000000    0.1000000000   
292604.0000000000 30.5276174017   114.3548471750  20.6480000000   0.0500000000    0.0500000000    0.1000000000   
292605.0000000000 30.5276185783   114.3548365417  20.5800000000   0.0500000000    0.0700000000    0.1100000000   
292606.0000000000 30.5276193817   114.3548301000  20.6680000000   0.0400000000    0.0600000000    0.0900000000   
292607.0000000000 30.5276201367   114.3548212150  20.6670000000   0.0500000000    0.0600000000    0.1000000000   
292608.0000000000 30.5276216767   114.3548114717  20.7070000000   0.0500000000    0.0600000000    0.1100000000   
292609.0000000000 30.5276234800   114.3548020683  20.6030000000   0.0700000000    0.0700000000    0.1300000000   
292610.0000000000 30.5276264217   114.3547929400  20.8340000000   0.0800000000    0.1300000000    0.2100000000   
292611.0000000000 30.5276300517   114.3547806583  20.7810000000   0.1000000000    0.1300000000    0.2200000000   
292612.0000000000 30.5276334617   114.3547692167  20.7870000000   0.1300000000    0.1300000000    0.3800000000   
292613.0000000000 30.5276345633   114.3547568733  20.6250000000   0.1600000000    0.1400000000    0.4300000000   
292614.0000000000 30.5276362633   114.3547434167  20.6870000000   0.2500000000    0.1600000000    0.6100000000   
292615.0000000000 30.5276370017   114.3547306983  20.7200000000   0.2800000000    0.1600000000    0.6200000000   
292616.0000000000 30.5276373000   114.3547182400  20.7680000000   0.3100000000    0.1700000000    0.6300000000   
292617.0000000000 30.5276372917   114.3547043217  20.7480000000   0.3400000000    0.1700000000    0.6300000000   
292618.0000000000 30.5276374733   114.3546902800  20.7390000000   0.3500000000    0.1700000000    0.6400000000   
292619.0000000000 30.5276369300   114.3546769067  20.6760000000   0.3600000000    0.1700000000    0.6400000000   
292620.0000000000 30.5276390150   114.3546641567  20.7850000000   0.3600000000    0.1800000000    0.6400000000   
292621.0000000000 30.5276399050   114.3546504217  20.7810000000   0.3800000000    0.1800000000    0.6500000000   
292622.0000000000 30.5276399133   114.3546377817  20.8110000000   0.3900000000    0.1800000000    0.6500000000   
292623.0000000000 30.5276404567   114.3546249583  20.8980000000   0.3900000000    0.1800000000    0.6500000000   
292624.0000000000 30.5276402850   114.3546111083  20.8480000000   0.4100000000    0.1800000000    0.6500000000   
292625.0000000000 30.5276397433   114.3545976033  20.9350000000   0.4200000000    0.1800000000    0.6500000000   
292626.0000000000 30.5276397800   114.3545834567  20.9240000000   0.4300000000    0.1900000000    0.6600000000   
292627.0000000000 30.5276399917   114.3545697833  20.8930000000   0.4800000000    0.1900000000    0.6700000000   
292628.0000000000 30.5276398750   114.3545556050  20.8380000000   0.5400000000    0.2000000000    0.6700000000   
292629.0000000000 30.5276393750   114.3545421717  20.8470000000   0.5500000000    0.2000000000    0.6800000000   
292630.0000000000 30.5276390100   114.3545292250  20.8630000000   0.5500000000    0.2100000000    0.6800000000   
292631.0000000000 30.5276392183   114.3545169933  20.9580000000   0.5500000000    0.2100000000    0.6800000000   
292632.0000000000 30.5276403700   114.3545042950  21.0130000000   0.5600000000    0.2100000000    0.6900000000   
292633.0000000000 30.5276418200   114.3544921050  21.1440000000   0.5700000000    0.2100000000    0.7000000000   
292634.0000000000 30.5276413517   114.3544797967  21.1700000000   0.5700000000    0.2100000000    0.7000000000   
292635.0000000000 30.5276400650   114.3544672683  20.9830000000   0.5700000000    0.2100000000    0.7100000000   
292636.0000000000 30.5276396683   114.3544550233  20.9480000000   0.5800000000    0.2100000000    0.7100000000   
292637.0000000000 30.5276398083   114.3544432167  20.9520000000   0.5800000000    0.2100000000    0.7100000000   
292638.0000000000 30.5276402367   114.3544334350  20.9810000000   0.5800000000    0.2100000000    0.7100000000   
292639.0000000000 30.5276411650   114.3544219983  21.0140000000   0.5800000000    0.2200000000    0.7200000000   
292640.0000000000 30.5276415417   114.3544120417  21.0080000000   0.5800000000    0.2200000000    0.7200000000   
292641.0000000000 30.5276420400   114.3544044650  21.0130000000   0.5800000000    0.2200000000    0.7200000000   
292642.0000000000 30.5276417667   114.3543962717  21.0110000000   0.5800000000    0.2200000000    0.7200000000   
292643.0000000000 30.5276419250   114.3543875867  20.9730000000   0.5800000000    0.2200000000    0.7200000000   
292644.0000000000 30.5276418300   114.3543786950  20.9920000000   0.5800000000    0.2300000000    0.7300000000   
292645.0000000000 30.5276415967   114.3543684950  21.0440000000   0.5800000000    0.2300000000    0.7300000000   
292646.0000000000 30.5276406317   114.3543557283  20.9420000000   0.5900000000    0.2300000000    0.7300000000   
292647.0000000000 30.5276396617   114.3543403800  20.9990000000   0.5900000000    0.2300000000    0.7300000000   
292648.0000000000 30.5276384817   114.3543262767  20.9000000000   0.5900000000    0.2300000000    0.7300000000   
292649.0000000000 30.5276379467   114.3543137950  20.9750000000   0.5900000000    0.2300000000    0.7400000000   
292650.0000000000 30.5276371950   114.3543000800  20.9960000000   0.5900000000    0.2300000000    0.7400000000   
292651.0000000000 30.5276367650   114.3542919217  21.0110000000   0.5900000000    0.2300000000    0.7400000000   
292652.0000000000 30.5276361700   114.3542833017  20.9360000000   0.5900000000    0.2300000000    0.7500000000   
292653.0000000000 30.5276361900   114.3542726800  21.0280000000   0.5900000000    0.2400000000    0.7500000000   
292654.0000000000 30.5276367967   114.3542593700  20.9680000000   0.5900000000    0.2400000000    0.7500000000   
292655.0000000000 30.5276367167   114.3542456200  21.0350000000   0.6000000000    0.2400000000    0.7500000000   
292656.0000000000 30.5276355417   114.3542312067  20.9850000000   0.6000000000    0.2400000000    0.7500000000   
292657.0000000000 30.5276364633   114.3542157000  21.0230000000   0.6000000000    0.2400000000    0.7600000000   
292658.0000000000 30.5276352067   114.3541899850  19.5680000000   1.2900000000    1.5300000000    2.9400000000   
292659.0000000000 30.5276362783   114.3541768700  19.4060000000   1.2700000000    1.4900000000    2.9000000000   
292660.0000000000 30.5276383450   114.3541640183  19.4790000000   1.2300000000    1.4500000000    2.8600000000   
292661.0000000000 30.5276402450   114.3541501167  19.2710000000   1.2000000000    1.4200000000    2.8200000000   
292662.0000000000 30.5276445300   114.3541388517  19.2670000000   1.1700000000    1.3800000000    2.7800000000   
292663.0000000000 30.5276486883   114.3541279000  19.2620000000   1.1500000000    1.3700000000    2.7700000000   
292664.0000000000 30.5276537917   114.3541172983  19.2710000000   1.1500000000    1.3700000000    2.7700000000   
292665.0000000000 30.5276606867   114.3541068067  19.3110000000   1.1600000000    1.3700000000    2.7700000000   
292666.0000000000 30.5276672967   114.3540981567  19.5560000000   1.1600000000    1.3700000000    2.7700000000   
292667.0000000000 30.5276768267   114.3540907550  19.5300000000   1.1600000000    1.3700000000    2.7800000000   
292668.0000000000 30.5276883650   114.3540831933  19.5110000000   1.1600000000    1.3700000000    2.7800000000   
292669.0000000000 30.5277014467   114.3540823533  19.6480000000   1.1600000000    1.3800000000    2.7800000000   
292670.0000000000 30.5277135850   114.3540812700  19.5570000000   1.1600000000    1.3800000000    2.7900000000   
292671.0000000000 30.5277260950   114.3540809033  19.5830000000   1.1600000000    1.3800000000    2.7900000000   
292672.0000000000 30.5277396117   114.3540797733  19.5410000000   1.1600000000    1.3800000000    2.7900000000   
292673.0000000000 30.5277526817   114.3540797733  19.5810000000   1.1600000000    1.3800000000    2.7900000000   
292674.0000000000 30.5277648700   114.3540787383  19.5250000000   1.1600000000    1.3800000000    2.7900000000   
292675.0000000000 30.5277765183   114.3540797017  19.3940000000   1.1600000000    1.3900000000    2.8000000000   
292676.0000000000 30.5277874200   114.3540817683  19.5180000000   1.1600000000    1.3900000000    2.8000000000   
292677.0000000000 30.5277975517   114.3540815183  19.4140000000   1.1600000000    1.4000000000    2.8000000000   
292678.0000000000 30.5278091150   114.3540809033  19.3610000000   1.1700000000    1.4000000000    2.8000000000   
292679.0000000000 30.5278221850   114.3540792667  19.3620000000   1.1700000000    1.4000000000    2.8000000000   
292680.0000000000 30.5278355617   114.3540786100  19.3290000000   1.1700000000    1.4000000000    2.8100000000   
292681.0000000000 30.5278489017   114.3540772400  19.2130000000   1.1700000000    1.4000000000    2.8100000000   
292682.0000000000 30.5278622317   114.3540768850  19.2630000000   1.1700000000    1.4000000000    2.8100000000   
292683.0000000000 30.5278750150   114.3540764783  19.1820000000   1.1700000000    1.4000000000    2.8200000000   
292684.0000000000 30.5278879150   114.3540772033  19.2230000000   1.1700000000    1.4000000000    2.8200000000   
292685.0000000000 30.5279009733   114.3540766250  19.3650000000   1.1700000000    1.4000000000    2.8300000000   
292686.0000000000 30.5279139817   114.3540764683  19.2320000000   1.1700000000    1.4100000000    2.8300000000   
292687.0000000000 30.5279273967   114.3540771383  19.0480000000   1.1700000000    1.4100000000    2.8300000000   
292688.0000000000 30.5279406167   114.3540777800  19.0490000000   1.1700000000    1.4100000000    2.8400000000   
292689.0000000000 30.5279537867   114.3540787700  19.1050000000   1.1700000000    1.4100000000    2.8400000000   
292690.0000000000 30.5279659933   114.3540781833  19.0200000000   1.1700000000    1.4200000000    2.8500000000   
292691.0000000000 30.5279775750   114.3540785000  19.1030000000   1.1700000000    1.4300000000    2.8600000000   
292692.0000000000 30.5279894517   114.3540782033  19.1230000000   1.1700000000    1.4300000000    2.8600000000   
292693.0000000000 30.5280032467   114.3540794300  19.1140000000   1.1700000000    1.4400000000    2.8700000000   
292694.0000000000 30.5280166900   114.3540807617  19.3210000000   1.1700000000    1.4400000000    2.8700000000   
292695.0000000000 30.5280290167   114.3540807200  19.2880000000   1.1700000000    1.4400000000    2.8700000000   
292696.0000000000 30.5280393783   114.3540816083  19.3010000000   1.1700000000    1.4500000000    2.8800000000   
292697.0000000000 30.5280472200   114.3540815467  19.3010000000   1.1700000000    1.4500000000    2.8800000000   
292698.0000000000 30.5280567467   114.3540807683  19.2560000000   1.1700000000    1.4500000000    2.8800000000   
292699.0000000000 30.5280662133   114.3540800983  19.2860000000   1.1700000000    1.4500000000    2.8800000000   
292700.0000000000 30.5280753333   114.3540789267  19.3420000000   1.1700000000    1.4500000000    2.8800000000   
292701.0000000000 30.5280839683   114.3540772700  19.2960000000   1.1700000000    1.4500000000    2.8800000000   
292702.0000000000 30.5280909183   114.3540768750  19.2910000000   1.1700000000    1.4500000000    2.8800000000   
292703.0000000000 30.5280965750   114.3540767700  19.1360000000   1.1700000000    1.4500000000    2.8800000000   
292704.0000000000 30.5281035583   114.3540763817  19.1730000000   1.1700000000    1.4500000000    2.8800000000   
292705.0000000000 30.5281132783   114.3540747550  19.0430000000   1.1700000000    1.4500000000    2.8800000000   
292706.0000000000 30.5281217050   114.3540771983  19.3510000000   1.1700000000    1.4600000000    2.8900000000   
292707.0000000000 30.5281319283   114.3540782400  19.5440000000   1.1700000000    1.4600000000    2.8900000000   
292708.0000000000 30.5281433250   114.3540782867  19.5050000000   1.1700000000    1.4600000000    2.8900000000   
292709.0000000000 30.5281543767   114.3540803700  19.5460000000   1.1700000000    1.4600000000    2.8900000000   
292710.0000000000 30.5281647917   114.3540820767  19.5540000000   1.1700000000    1.4600000000    2.8900000000   
292711.0000000000 30.5281747467   114.3540835117  19.5730000000   1.1700000000    1.4600000000    2.8900000000   
292712.0000000000 30.5281851183   114.3540843733  19.5490000000   1.1700000000    1.4600000000    2.8900000000   
292713.0000000000 30.5281959067   114.3540860133  19.5390000000   1.1700000000    1.4600000000    2.9000000000   
292714.0000000000 30.5282163983   114.3540917617  19.6120000000   1.0000000000    1.0100000000    1.6200000000   
292715.0000000000 30.5282265533   114.3540926433  19.6440000000   0.9700000000    0.9700000000    1.5200000000   
292716.0000000000 30.5282374000   114.3540931100  19.7620000000   0.9400000000    0.9500000000    1.4900000000   
292717.0000000000 30.5282499483   114.3540934700  19.6580000000   0.9300000000    0.9300000000    1.4700000000   
292718.0000000000 30.5282631300   114.3540937383  19.7350000000   0.9200000000    0.9200000000    1.4600000000   
292719.0000000000 30.5282765283   114.3540939800  19.6500000000   0.9000000000    0.9200000000    1.4600000000   
292720.0000000000 30.5282905400   114.3540907533  19.2810000000   0.9000000000    0.9100000000    1.4400000000   
292721.0000000000 30.5283035100   114.3540919083  19.3210000000   0.8800000000    0.9000000000    1.4300000000   
292722.0000000000 30.5283176817   114.3540917767  19.0880000000   0.8700000000    0.8900000000    1.4400000000   
292723.0000000000 30.5283301767   114.3540913833  19.9480000000   0.8700000000    0.8800000000    1.4500000000   
292724.0000000000 30.5283376133   114.3540911583  19.9270000000   0.8700000000    0.8800000000    1.4600000000   
292725.0000000000 30.5283421033   114.3540911700  19.9830000000   0.8700000000    0.8900000000    1.4700000000   
292726.0000000000 30.5283487583   114.3540909517  19.9070000000   0.8700000000    0.8900000000    1.4800000000   
292727.0000000000 30.5283536683   114.3540901317  19.9060000000   0.8700000000    0.8900000000    1.4900000000   
292728.0000000000 30.5283586200   114.3540894150  19.9960000000   0.8700000000    0.8900000000    1.5000000000   
292729.0000000000 30.5283624150   114.3540897083  20.0000000000   0.8700000000    0.8900000000    1.5100000000   
292730.0000000000 30.5283660767   114.3540891317  19.8800000000   0.8700000000    0.8900000000    1.5200000000   
292731.0000000000 30.5283704467   114.3540896617  20.1330000000   0.8700000000    0.8900000000    1.5200000000   
292732.0000000000 30.5283747350   114.3540881133  20.1930000000   0.8700000000    0.8900000000    1.5300000000   
292733.0000000000 30.5283797967   114.3540858117  20.1880000000   0.8700000000    0.8900000000    1.5300000000   
292734.0000000000 30.5283831933   114.3540841050  19.9510000000   0.8700000000    0.8900000000    1.5400000000   
292735.0000000000 30.5283888667   114.3540832783  19.9500000000   0.8700000000    0.9000000000    1.5500000000   
292736.0000000000 30.5283952183   114.3540823000  20.0240000000   0.8700000000    0.9000000000    1.5600000000   
292737.0000000000 30.5284027567   114.3540821283  20.7410000000   0.8700000000    0.9000000000    1.5700000000   
292738.0000000000 30.5284142117   114.3540832983  20.4550000000   0.8700000000    0.9000000000    1.5800000000   
292739.0000000000 30.5284277917   114.3540867500  20.6470000000   0.8700000000    0.9000000000    1.6100000000   
292740.0000000000 30.5284403483   114.3540881367  20.7080000000   0.8700000000    0.9000000000    1.6300000000   
292741.0000000000 30.5284521250   114.3540895917  20.3690000000   0.8800000000    0.9000000000    1.6600000000   
292742.0000000000 30.5284653367   114.3540904950  20.3460000000   0.8800000000    0.9000000000    1.6800000000   
292743.0000000000 30.5284781167   114.3540923000  20.4210000000   0.8800000000    0.9100000000    1.7100000000   
292744.0000000000 30.5284906800   114.3540940767  20.1970000000   0.8800000000    0.9100000000    1.7300000000   
292745.0000000000 30.5285035083   114.3540948383  20.1210000000   0.8800000000    0.9100000000    1.7400000000   
292746.0000000000 30.5285164917   114.3540948183  20.1270000000   0.8800000000    0.9100000000    1.7500000000   
292747.0000000000 30.5285293667   114.3540954233  20.0760000000   0.8800000000    0.9100000000    1.7600000000   
292748.0000000000 30.5285424233   114.3540957033  19.8330000000   0.8800000000    0.9100000000    1.7700000000   
292749.0000000000 30.5285557417   114.3540953550  19.9680000000   0.8800000000    0.9100000000    1.7800000000   
292750.0000000000 30.5285688250   114.3540954633  19.9840000000   0.8800000000    0.9100000000    1.7900000000   
292751.0000000000 30.5285817417   114.3540953833  20.0850000000   0.8800000000    0.9100000000    1.7900000000   
292752.0000000000 30.5285947900   114.3540948583  20.0850000000   0.8900000000    0.9200000000    1.8000000000   
292753.0000000000 30.5286075433   114.3540941900  20.1590000000   0.8900000000    0.9300000000    1.8000000000   
292754.0000000000 30.5286203367   114.3540937317  20.1040000000   0.8900000000    0.9300000000    1.8100000000   
292755.0000000000 30.5286336350   114.3540941183  19.9410000000   0.8900000000    0.9400000000    1.8200000000   
292756.0000000000 30.5286463650   114.3540942783  20.1820000000   0.8900000000    0.9400000000    1.8300000000   
292757.0000000000 30.5286592400   114.3540945017  20.3600000000   0.8900000000    0.9400000000    1.8500000000   
292758.0000000000 30.5286720967   114.3540949217  20.5190000000   0.8900000000    0.9400000000    1.8500000000   
292759.0000000000 30.5286847300   114.3540950400  20.6240000000   0.8900000000    0.9400000000    1.8600000000   
292760.0000000000 30.5286972400   114.3540947750  20.6030000000   0.8900000000    0.9400000000    1.8800000000   
292761.0000000000 30.5287096750   114.3540947517  20.5530000000   0.8900000000    0.9500000000    1.8800000000   
292762.0000000000 30.5287213650   114.3540942167  20.3260000000   0.8900000000    0.9500000000    1.8900000000   
292763.0000000000 30.5287318883   114.3540966250  20.3740000000   0.8900000000    0.9500000000    1.8900000000   
292764.0000000000 30.5287428617   114.3540980883  20.4310000000   0.9000000000    0.9500000000    1.8900000000   
292765.0000000000 30.5287538967   114.3540996017  20.2410000000   0.9000000000    0.9600000000    1.8900000000   
292766.0000000000 30.5287637533   114.3541015867  20.4220000000   0.9000000000    0.9600000000    1.9000000000   
292767.0000000000 30.5287731317   114.3541021933  20.3200000000   0.9000000000    0.9600000000    1.9100000000   
292768.0000000000 30.5287832767   114.3541007967  20.0100000000   0.9000000000    0.9600000000    1.9200000000   
292769.0000000000 30.5287941000   114.3540990483  19.6830000000   0.9000000000    0.9700000000    1.9700000000   
292770.0000000000 30.5288045367   114.3540990717  19.5950000000   0.9000000000    0.9700000000    1.9800000000   
292771.0000000000 30.5288151767   114.3540989917  19.8440000000   0.9000000000    0.9700000000    1.9900000000   
292772.0000000000 30.5288278267   114.3540977517  19.4740000000   0.9000000000    0.9800000000    2.0000000000   
292773.0000000000 30.5288405417   114.3540976683  19.5200000000   0.9000000000    0.9800000000    2.0100000000   
292774.0000000000 30.5288528667   114.3540964750  19.5820000000   0.9000000000    0.9800000000    2.0400000000   
292775.0000000000 30.5288634833   114.3540966717  19.2470000000   0.9100000000    0.9800000000    2.0700000000   
292776.0000000000 30.5288744050   114.3540959883  19.1580000000   0.9100000000    0.9800000000    2.0800000000   
292777.0000000000 30.5288880400   114.3540964533  19.1780000000   0.9100000000    0.9800000000    2.0900000000   
292778.0000000000 30.5289016917   114.3540968900  19.2360000000   0.9100000000    0.9900000000    2.1200000000   
292779.0000000000 30.5289146167   114.3540960567  19.1020000000   0.9100000000    0.9900000000    2.1200000000   
292780.0000000000 30.5289267933   114.3540953000  19.1550000000   0.9200000000    0.9900000000    2.1300000000   
292781.0000000000 30.5289391750   114.3540952433  18.9500000000   0.9300000000    0.9900000000    2.2000000000   
292782.0000000000 30.5289519300   114.3540957633  18.8830000000   0.9300000000    1.0000000000    2.2000000000   
292783.0000000000 30.5289637367   114.3540951100  18.6550000000   0.9300000000    1.0000000000    2.2000000000   
292784.0000000000 30.5289741150   114.3540945333  18.6670000000   0.9300000000    1.0000000000    2.2100000000   
292785.0000000000 30.5289819417   114.3540942550  18.4810000000   0.9400000000    1.0000000000    2.2100000000   
292786.0000000000 30.5289904167   114.3540938350  18.6360000000   0.9400000000    1.0000000000    2.2100000000   
292787.0000000000 30.5289982583   114.3540936850  18.7000000000   0.9400000000    1.0000000000    2.2200000000   
292788.0000000000 30.5290071133   114.3540929550  18.5790000000   0.9500000000    1.0000000000    2.2200000000   
292789.0000000000 30.5290167550   114.3540933867  18.6040000000   0.9500000000    1.0000000000    2.2200000000   
292790.0000000000 30.5290257150   114.3540956283  18.4930000000   0.9500000000    1.0000000000    2.2200000000   
292791.0000000000 30.5290339817   114.3540987050  18.4140000000   0.9500000000    1.0000000000    2.2200000000   
292792.0000000000 30.5290426433   114.3541018933  18.4240000000   0.9500000000    1.0000000000    2.2200000000   
292793.0000000000 30.5290497833   114.3541055117  18.4200000000   0.9500000000    1.0000000000    2.2200000000   
292794.0000000000 30.5290574450   114.3541096150  18.4670000000   0.9500000000    1.0000000000    2.2200000000   
292795.0000000000 30.5290649450   114.3541158967  18.5530000000   0.9500000000    1.0000000000    2.2200000000   
292796.0000000000 30.5290707183   114.3541225550  18.5660000000   0.9500000000    1.0000000000    2.2200000000   
292797.0000000000 30.5290750967   114.3541310550  18.6220000000   0.9500000000    1.0000000000    2.2200000000   
292798.0000000000 30.5290773200   114.3541405350  18.7450000000   0.9500000000    1.0000000000    2.2200000000   
292799.0000000000 30.5290786833   114.3541497083  18.7680000000   0.9500000000    1.0000000000    2.2200000000   
292800.0000000000 30.5290811033   114.3541517450  19.7470000000   1.0600000000    0.6700000000    1.7100000000   
292801.0000000000 30.5290844200   114.3541614550  19.9350000000   1.0200000000    0.6500000000    1.6400000000   
292802.0000000000 30.5290851500   114.3541727600  19.9930000000   0.9900000000    0.6300000000    1.5800000000   
292803.0000000000 30.5290859667   114.3541873333  20.0190000000   0.9400000000    0.6000000000    1.5100000000   
292804.0000000000 30.5290856083   114.3542032433  19.9120000000   0.8900000000    0.5800000000    1.4500000000   
292805.0000000000 30.5290860417   114.3542187833  19.9090000000   0.8700000000    0.5700000000    1.4100000000   
292806.0000000000 30.5290850117   114.3542327367  19.7470000000   0.8400000000    0.5500000000    1.3700000000   
292807.0000000000 30.5290861317   114.3542487167  19.7810000000   0.8200000000    0.5400000000    1.3400000000   
292808.0000000000 30.5290851083   114.3542631667  19.7380000000   0.8000000000    0.5200000000    1.3200000000   
292809.0000000000 30.5290853983   114.3542780183  19.4930000000   0.7800000000    0.5100000000    1.2900000000   
292810.0000000000 30.5290839983   114.3542920867  19.8820000000   0.7400000000    0.4900000000    1.2600000000   
292811.0000000000 30.5290854417   114.3543080600  19.7670000000   0.7100000000    0.4800000000    1.2600000000   
292812.0000000000 30.5290847150   114.3543226783  20.2370000000   0.6900000000    0.4700000000    1.2600000000   
292813.0000000000 30.5290837833   114.3543383683  20.5980000000   0.6900000000    0.4700000000    1.2600000000   
292814.0000000000 30.5290829067   114.3543533483  20.3700000000   0.6800000000    0.4700000000    1.2700000000   
292815.0000000000 30.5290825317   114.3543682717  20.3650000000   0.6700000000    0.4800000000    1.2900000000   
292816.0000000000 30.5290823450   114.3543838267  20.2620000000   0.6500000000    0.4800000000    1.2900000000   
292817.0000000000 30.5290812300   114.3543987217  20.6160000000   0.6300000000    0.4700000000    1.2700000000   
292818.0000000000 30.5290804450   114.3544134400  20.3570000000   0.6200000000    0.4600000000    1.2500000000   
292819.0000000000 30.5290811533   114.3544291733  20.3250000000   0.6100000000    0.4600000000    1.2300000000   
292820.0000000000 30.5290816783   114.3544441833  20.1720000000   0.6000000000    0.4500000000    1.2000000000   
292821.0000000000 30.5290818267   114.3544596917  20.0970000000   0.5900000000    0.4400000000    1.1800000000   
292822.0000000000 30.5290819167   114.3544751600  20.1220000000   0.5800000000    0.4300000000    1.1600000000   
292823.0000000000 30.5290817150   114.3544899133  20.0140000000   0.5700000000    0.4200000000    1.1500000000   
292824.0000000000 30.5290819750   114.3545049500  19.9920000000   0.5600000000    0.4200000000    1.1500000000   
292825.0000000000 30.5290814967   114.3545203633  19.8190000000   0.5500000000    0.4100000000    1.1400000000   
292826.0000000000 30.5290814533   114.3545346200  19.8030000000   0.5400000000    0.4000000000    1.1200000000   
292827.0000000000 30.5290810250   114.3545490517  19.5690000000   0.5300000000    0.4000000000    1.1100000000   
292828.0000000000 30.5290812800   114.3545636267  19.3870000000   0.5300000000    0.4000000000    1.1100000000   
292829.0000000000 30.5290817133   114.3545793517  19.3830000000   0.5300000000    0.3900000000    1.1000000000   
292830.0000000000 30.5290832767   114.3545945267  19.5480000000   0.5200000000    0.3900000000    1.0900000000   
292831.0000000000 30.5290827800   114.3546088783  19.4960000000   0.5200000000    0.3900000000    1.1000000000   
292832.0000000000 30.5290843900   114.3546240517  19.5400000000   0.5200000000    0.3900000000    1.1000000000   
292833.0000000000 30.5290839317   114.3546383017  19.9300000000   0.5200000000    0.3900000000    1.1000000000   
292834.0000000000 30.5290828917   114.3546504100  18.9730000000   0.5100000000    0.3900000000    1.1000000000   
292835.0000000000 30.5290825117   114.3546646567  19.0810000000   0.5000000000    0.3900000000    1.1200000000   
292836.0000000000 30.5290829000   114.3546788800  19.1680000000   0.4900000000    0.3800000000    1.1200000000   
292837.0000000000 30.5290819683   114.3546921600  18.8590000000   0.4900000000    0.3800000000    1.1300000000   
292838.0000000000 30.5290823283   114.3547059517  18.6830000000   0.4900000000    0.3800000000    1.1400000000   
292839.0000000000 30.5290822917   114.3547210783  19.1220000000   0.4800000000    0.3800000000    1.1100000000   
292840.0000000000 30.5290811417   114.3547363883  19.2170000000   0.4700000000    0.3700000000    1.1100000000   
292841.0000000000 30.5290809167   114.3547518817  19.3480000000   0.4700000000    0.3700000000    1.1000000000   
292842.0000000000 30.5290811617   114.3547662867  19.4210000000   0.4600000000    0.3700000000    1.0900000000   
292843.0000000000 30.5290811717   114.3547813283  19.3610000000   0.4600000000    0.3600000000    1.0800000000   
292844.0000000000 30.5290818483   114.3547971417  19.1940000000   0.4600000000    0.3600000000    1.0600000000   
292845.0000000000 30.5290818117   114.3548124933  19.1750000000   0.4500000000    0.3600000000    1.0400000000   
292846.0000000000 30.5290817133   114.3548279917  19.1990000000   0.4400000000    0.3600000000    1.0200000000   
292847.0000000000 30.5290818000   114.3548425517  19.2710000000   0.4400000000    0.3500000000    1.0100000000   
292848.0000000000 30.5290823817   114.3548580717  19.3020000000   0.4300000000    0.3500000000    1.0000000000   
292849.0000000000 30.5290820017   114.3548731650  19.4780000000   0.4200000000    0.3500000000    1.0000000000   
292850.0000000000 30.5290815433   114.3548874750  19.5790000000   0.4100000000    0.3400000000    0.9900000000   
292851.0000000000 30.5290814617   114.3548998350  19.4580000000   0.4100000000    0.3400000000    0.9900000000   
292852.0000000000 30.5290816217   114.3549098917  19.4360000000   0.4000000000    0.3400000000    1.0000000000   
292853.0000000000 30.5290817083   114.3549197050  19.4480000000   0.4000000000    0.3400000000    1.0000000000   
292854.0000000000 30.5290818167   114.3549298900  19.3290000000   0.4000000000    0.3400000000    1.0000000000   
292855.0000000000 30.5290815233   114.3549403817  19.2160000000   0.4000000000    0.3400000000    1.0000000000   
292856.0000000000 30.5290808850   114.3549500367  19.4880000000   0.3900000000    0.3400000000    1.0000000000   
292857.0000000000 30.5290802617   114.3549603033  19.4550000000   0.3900000000    0.3400000000    1.0000000000   
292858.0000000000 30.5290793517   114.3549709717  19.5150000000   0.3900000000    0.3400000000    1.0000000000   
292859.0000000000 30.5290796467   114.3549829767  19.6230000000   0.3900000000    0.3500000000    1.0100000000   
292860.0000000000 30.5290783567   114.3549954217  19.4850000000   0.3900000000    0.3500000000    1.0100000000   
292861.0000000000 30.5290777867   114.3550061167  19.4870000000   0.3900000000    0.3600000000    1.0200000000   
292862.0000000000 30.5290749850   114.3550147817  19.5140000000   0.3900000000    0.3600000000    1.0200000000   
292863.0000000000 30.5290708067   114.3550252283  19.4970000000   0.3900000000    0.3700000000    1.0300000000   
292864.0000000000 30.5290620950   114.3550312000  19.5850000000   0.3900000000    0.3700000000    1.0100000000   
292865.0000000000 30.5290521500   114.3550388867  19.6020000000   0.4000000000    0.3800000000    1.0000000000   
292866.0000000000 30.5290374233   114.3550408733  19.5920000000   0.3900000000    0.3800000000    0.9900000000   
292867.0000000000 30.5290242883   114.3550430650  19.5670000000   0.3900000000    0.3800000000    0.9800000000   
292868.0000000000 30.5290127250   114.3550444633  19.5360000000   0.3900000000    0.3700000000    0.9700000000   
292869.0000000000 30.5290021167   114.3550445550  19.5560000000   0.3900000000    0.3800000000    0.9700000000   
292870.0000000000 30.5289904433   114.3550439583  19.5270000000   0.4000000000    0.3800000000    0.9900000000   
292871.0000000000 30.5289789667   114.3550445017  19.6740000000   0.4000000000    0.3800000000    1.0000000000   
292872.0000000000 30.5289686900   114.3550446033  19.9090000000   0.4100000000    0.3800000000    1.0000000000   
292873.0000000000 30.5289563517   114.3550445317  20.0490000000   0.4800000000    0.3900000000    1.0300000000   
292874.0000000000 30.5289421533   114.3550443700  19.9380000000   0.4900000000    0.3900000000    1.0300000000   
292875.0000000000 30.5289315367   114.3550475333  20.1030000000   1.1700000000    0.4300000000    1.6800000000   
292931.0000000000 30.5286394450   114.3555688333  4.2980000000    12.7200000000   19.7700000000   46.8100000000  
292932.0000000000 30.5286306217   114.3555738333  3.2110000000    11.3700000000   18.5400000000   43.9800000000  
292933.0000000000 30.5285946033   114.3555551100  1.5110000000    11.8400000000   18.5500000000   44.6200000000  
292935.0000000000 30.5286231350   114.3556433383  17.4630000000   7.4800000000    8.7000000000    20.3100000000  
292936.0000000000 30.5286171483   114.3556632283  18.2140000000   7.3600000000    8.5800000000    20.0900000000  
292937.0000000000 30.5285991150   114.3556733083  26.9190000000   7.1500000000    8.3700000000    20.6700000000  
292938.0000000000 30.5286053133   114.3556930417  27.9920000000   3.7800000000    4.9200000000    16.1500000000  
292939.0000000000 30.5286022050   114.3556880867  22.7220000000   2.1100000000    3.2200000000    12.7500000000  
292940.0000000000 30.5285914550   114.3557168850  30.7240000000   1.9500000000    3.0100000000    11.8300000000  
292941.0000000000 30.5285802883   114.3557067817  25.4220000000   1.8300000000    2.7500000000    10.5000000000  
292942.0000000000 30.5285657050   114.3557042633  24.1880000000   1.5200000000    2.6600000000    9.8800000000   
292943.0000000000 30.5285476800   114.3557029317  26.5900000000   1.3700000000    2.4200000000    8.8000000000   
292944.0000000000 30.5285418867   114.3556968383  23.9480000000   1.2800000000    2.3400000000    7.7900000000   
292945.0000000000 30.5285367617   114.3557006950  22.4020000000   2.4000000000    3.8900000000    8.2200000000   
292946.0000000000 30.5285251317   114.3556979183  22.0220000000   2.2100000000    3.6500000000    7.8600000000   
292947.0000000000 30.5285139483   114.3556985683  22.1790000000   1.4600000000    2.1600000000    6.5700000000   
292948.0000000000 30.5285073617   114.3557084050  22.4650000000   1.3200000000    1.8200000000    5.4700000000   
292949.0000000000 30.5284925933   114.3557023767  23.0420000000   1.1400000000    1.5000000000    5.0700000000   
292950.0000000000 30.5284821233   114.3556982350  21.6160000000   1.0600000000    1.5000000000    5.0700000000   
292951.0000000000 30.5284711683   114.3557044050  24.5040000000   0.9700000000    1.3800000000    4.8600000000   
292952.0000000000 30.5284639650   114.3556984267  21.6000000000   1.2000000000    1.6000000000    4.1900000000   
292953.0000000000 30.5284535633   114.3556979350  21.7120000000   1.0800000000    1.4700000000    3.8400000000   
292954.0000000000 30.5284430350   114.3556976767  21.8880000000   1.0000000000    1.3600000000    3.5700000000   
292955.0000000000 30.5284327133   114.3556965533  21.7650000000   0.9300000000    1.2700000000    3.3300000000   
292956.0000000000 30.5284205200   114.3556944183  21.3530000000   0.7800000000    0.9700000000    3.2500000000   
292957.0000000000 30.5284136267   114.3556935317  21.1230000000   0.5600000000    0.7200000000    1.9100000000   
292958.0000000000 30.5284044283   114.3556928117  21.0730000000   0.5300000000    0.6700000000    1.7700000000   
292959.0000000000 30.5283942050   114.3556923600  21.0360000000   0.5000000000    0.6300000000    1.6600000000   
292960.0000000000 30.5283839183   114.3556919633  21.0080000000   0.4800000000    0.5900000000    1.5700000000   
292961.0000000000 30.5283747650   114.3556914933  20.9770000000   0.4500000000    0.5500000000    1.4600000000   
292962.0000000000 30.5283656733   114.3556914667  20.8150000000   0.4300000000    0.5200000000    1.3600000000   
292963.0000000000 30.5283559233   114.3556921650  20.7850000000   0.4200000000    0.4900000000    1.2800000000   
292964.0000000000 30.5283467000   114.3556929100  20.8150000000   0.4000000000    0.4600000000    1.2100000000   
292965.0000000000 30.5283375967   114.3556931250  20.7760000000   0.3900000000    0.4400000000    1.1500000000   
292966.0000000000 30.5283282067   114.3556927433  20.7970000000   0.3800000000    0.4200000000    1.1000000000   
292967.0000000000 30.5283191817   114.3556915483  20.7650000000   0.3600000000    0.4100000000    1.0600000000   
292968.0000000000 30.5283107183   114.3556904667  20.7670000000   0.3500000000    0.3900000000    1.0200000000   
292969.0000000000 30.5283044050   114.3556892983  20.7990000000   0.3400000000    0.3800000000    0.9900000000   
292970.0000000000 30.5282977933   114.3556861617  20.8300000000   0.3400000000    0.3700000000    0.9600000000   
292971.0000000000 30.5282918733   114.3556819767  20.8480000000   0.3300000000    0.3600000000    0.9300000000   
292972.0000000000 30.5282865133   114.3556763183  20.9100000000   0.3200000000    0.3500000000    0.9000000000   
292973.0000000000 30.5282825783   114.3556692850  20.9510000000   0.3100000000    0.3400000000    0.8700000000   
292974.0000000000 30.5282809100   114.3556597317  21.0090000000   0.3100000000    0.3300000000    0.8400000000   
292975.0000000000 30.5282803183   114.3556488733  21.0460000000   0.3000000000    0.3200000000    0.8200000000   
292976.0000000000 30.5282800550   114.3556407917  21.0270000000   0.2900000000    0.3200000000    0.8100000000   
292977.0000000000 30.5282795433   114.3556314817  21.0200000000   0.2900000000    0.3100000000    0.7900000000   
292978.0000000000 30.5282793367   114.3556213017  21.0160000000   0.2800000000    0.3000000000    0.7700000000   
292979.0000000000 30.5282792300   114.3556104483  20.9830000000   0.2700000000    0.3000000000    0.7500000000   
292980.0000000000 30.5282792517   114.3555988950  20.9580000000   0.2700000000    0.2900000000    0.7400000000   
292981.0000000000 30.5282792300   114.3555866400  20.9470000000   0.2600000000    0.2900000000    0.7200000000   
292982.0000000000 30.5282789567   114.3555738450  20.9450000000   0.2600000000    0.2800000000    0.7100000000   
292983.0000000000 30.5282786433   114.3555607783  20.9620000000   0.2500000000    0.2800000000    0.7000000000   
292984.0000000000 30.5282783650   114.3555457967  20.9250000000   0.2500000000    0.2700000000    0.6900000000   
292985.0000000000 30.5282790650   114.3555305233  20.8710000000   0.2500000000    0.2700000000    0.6800000000   
292986.0000000000 30.5282801583   114.3555166183  20.9300000000   0.2400000000    0.2700000000    0.6700000000   
292987.0000000000 30.5282811267   114.3555021633  20.8940000000   0.2400000000    0.2700000000    0.6700000000   
292988.0000000000 30.5282813250   114.3554870983  20.9270000000   0.2400000000    0.2600000000    0.6600000000   
292989.0000000000 30.5282803367   114.3554719717  20.7850000000   0.2400000000    0.2600000000    0.6500000000   
292990.0000000000 30.5282800017   114.3554570117  20.7880000000   0.2400000000    0.2600000000    0.6500000000   
292991.0000000000 30.5282794900   114.3554422333  20.7770000000   0.2300000000    0.2600000000    0.6400000000   
292992.0000000000 30.5282788950   114.3554283233  20.8450000000   0.2300000000    0.2600000000    0.6400000000   
292993.0000000000 30.5282788417   114.3554128650  20.8140000000   0.2300000000    0.2500000000    0.6300000000   
292994.0000000000 30.5282793050   114.3553974950  20.8450000000   0.2300000000    0.2500000000    0.6300000000   
292995.0000000000 30.5282800817   114.3553828817  20.8640000000   0.2200000000    0.2500000000    0.6200000000   
292996.0000000000 30.5282813133   114.3553687650  20.9040000000   0.2200000000    0.2400000000    0.6100000000   
292997.0000000000 30.5282821083   114.3553541167  20.9130000000   0.2200000000    0.2400000000    0.6000000000   
292998.0000000000 30.5282834333   114.3553390817  20.9390000000   0.2200000000    0.2400000000    0.6000000000   
292999.0000000000 30.5282847750   114.3553240133  20.9580000000   0.2200000000    0.2400000000    0.5900000000   
293000.0000000000 30.5282861750   114.3553096850  20.9410000000   0.2100000000    0.2300000000    0.5800000000   
293001.0000000000 30.5282864117   114.3552963950  20.9490000000   0.2100000000    0.2300000000    0.5800000000   
293002.0000000000 30.5282861217   114.3552828050  20.9400000000   0.2100000000    0.2300000000    0.5700000000   
293003.0000000000 30.5282859783   114.3552691933  20.9450000000   0.2000000000    0.2300000000    0.5600000000   
293004.0000000000 30.5282858933   114.3552550700  20.9740000000   0.2000000000    0.2200000000    0.5500000000   
293005.0000000000 30.5282858350   114.3552401550  20.9560000000   0.2000000000    0.2200000000    0.5500000000   
293006.0000000000 30.5282861467   114.3552245700  20.9890000000   0.2000000000    0.2200000000    0.5500000000   
293007.0000000000 30.5282865150   114.3552096733  21.0410000000   0.2000000000    0.2200000000    0.5400000000   
293008.0000000000 30.5282872050   114.3551943483  20.9410000000   0.1900000000    0.2200000000    0.5400000000   
293009.0000000000 30.5282877883   114.3551795833  20.9670000000   0.1900000000    0.2200000000    0.5400000000   
293010.0000000000 30.5282885633   114.3551643250  20.9260000000   0.1900000000    0.2200000000    0.5300000000   
293011.0000000000 30.5282900733   114.3551491317  20.8800000000   0.1900000000    0.2200000000    0.5300000000   
293012.0000000000 30.5282946083   114.3551355267  20.9120000000   0.1900000000    0.2100000000    0.5300000000   
293013.0000000000 30.5283014750   114.3551248900  20.8930000000   0.1900000000    0.2100000000    0.5200000000   
293014.0000000000 30.5283061100   114.3551174750  20.8860000000   0.1800000000    0.2100000000    0.5200000000   
293015.0000000000 30.5283106650   114.3551105950  20.9270000000   0.1800000000    0.2100000000    0.5100000000   
293016.0000000000 30.5283152550   114.3551034867  20.9730000000   0.1800000000    0.2100000000    0.5100000000   
293017.0000000000 30.5283210367   114.3550961917  20.9320000000   0.1800000000    0.2100000000    0.5100000000   
293018.0000000000 30.5283270833   114.3550892000  20.9110000000   0.1800000000    0.2000000000    0.5000000000   
293019.0000000000 30.5283349600   114.3550832933  20.8860000000   0.1800000000    0.2000000000    0.5000000000   
293020.0000000000 30.5283444833   114.3550800733  21.0240000000   0.1800000000    0.2000000000    0.5000000000   
293021.0000000000 30.5283551300   114.3550797017  21.0080000000   0.1800000000    0.2000000000    0.4900000000   
293022.0000000000 30.5283677033   114.3550793183  20.9810000000   0.1800000000    0.2000000000    0.4900000000   
293023.0000000000 30.5283810550   114.3550793250  20.8910000000   0.1800000000    0.2000000000    0.4900000000   
293024.0000000000 30.5283949533   114.3550813233  20.8010000000   0.1800000000    0.2100000000    0.4900000000   
293025.0000000000 30.5284076417   114.3550831217  20.8580000000   0.1700000000    0.2000000000    0.4900000000   
293026.0000000000 30.5284204300   114.3550856067  20.8810000000   0.1800000000    0.2000000000    0.4900000000   
293027.0000000000 30.5284337133   114.3550871700  20.8500000000   0.1700000000    0.2000000000    0.4800000000   
293028.0000000000 30.5284460583   114.3550877683  20.6610000000   0.1800000000    0.2000000000    0.5100000000   
293029.0000000000 30.5284577267   114.3550881750  20.7320000000   0.1800000000    0.2000000000    0.4900000000   
293030.0000000000 30.5284709450   114.3550894300  20.8600000000   0.1800000000    0.2000000000    0.5000000000   
293031.0000000000 30.5284853450   114.3550914550  20.6490000000   0.1900000000    0.2000000000    0.5100000000   
293032.0000000000 30.5284981967   114.3550921783  20.8000000000   0.1900000000    0.2100000000    0.5100000000   
293033.0000000000 30.5285102950   114.3550929217  20.8820000000   0.1900000000    0.2100000000    0.5400000000   
293034.0000000000 30.5285230750   114.3550936350  20.8190000000   0.2000000000    0.2100000000    0.6100000000   
293035.0000000000 30.5285373817   114.3550953383  20.6960000000   0.2100000000    0.2200000000    0.6400000000   
293036.0000000000 30.5285493050   114.3550952800  20.4930000000   0.2100000000    0.2200000000    0.6200000000   
293037.0000000000 30.5285626367   114.3550956600  20.6030000000   0.2100000000    0.2200000000    0.6100000000   
293038.0000000000 30.5285763417   114.3550971217  20.6170000000   0.2100000000    0.2200000000    0.7000000000   
293039.0000000000 30.5285898850   114.3550970033  20.4930000000   0.2000000000    0.2200000000    0.6000000000   
293040.0000000000 30.5286019283   114.3550946533  20.5670000000   0.2100000000    0.2300000000    0.6400000000   
293041.0000000000 30.5286136700   114.3550935817  20.6000000000   0.2000000000    0.2300000000    0.7100000000   
293042.0000000000 30.5286223550   114.3550918317  21.1080000000   0.2100000000    0.2500000000    0.7600000000   
293043.0000000000 30.5286311183   114.3550923600  21.1230000000   0.2100000000    0.2500000000    0.8100000000   
293044.0000000000 30.5286411767   114.3550969683  20.5560000000   0.2100000000    0.2500000000    0.8100000000   
293045.0000000000 30.5286490700   114.3551070233  20.7990000000   0.2100000000    0.2800000000    0.9700000000   
293046.0000000000 30.5286534817   114.3551211617  22.0650000000   0.2100000000    0.3000000000    1.0100000000   
293047.0000000000 30.5286524617   114.3551356300  21.9040000000   0.2100000000    0.3100000000    1.0400000000   
293048.0000000000 30.5286497217   114.3551501000  22.2250000000   0.2100000000    0.3200000000    1.0700000000   
293049.0000000000 30.5286485183   114.3551643400  22.9090000000   0.2500000000    0.3300000000    1.2000000000   
293050.0000000000 30.5286481033   114.3551788983  23.0040000000   0.2500000000    0.3400000000    1.2100000000   
293051.0000000000 30.5286480167   114.3551941467  23.3820000000   0.2500000000    0.3400000000    1.2200000000   
293052.0000000000 30.5286485817   114.3552092917  23.2490000000   0.2600000000    0.3400000000    1.2300000000   
293053.0000000000 30.5286470933   114.3552241550  23.8570000000   0.2700000000    0.3500000000    1.2400000000   
293054.0000000000 30.5286465400   114.3552389950  23.5160000000   0.2700000000    0.3500000000    1.2700000000   
293055.0000000000 30.5286458917   114.3552533283  23.4860000000   0.2800000000    0.3500000000    1.2800000000   
293056.0000000000 30.5286464283   114.3552668917  23.3810000000   0.2800000000    0.3600000000    1.2900000000   
293057.0000000000 30.5286461967   114.3552809367  23.6940000000   0.3100000000    0.3700000000    1.4000000000   
293058.0000000000 30.5286451200   114.3552958183  23.6390000000   0.3100000000    0.3700000000    1.4100000000   
293059.0000000000 30.5286446967   114.3553094017  23.3540000000   0.3100000000    0.3800000000    1.4400000000   
293060.0000000000 30.5286448483   114.3553248783  23.7640000000   0.3200000000    0.3900000000    1.4600000000   
293061.0000000000 30.5286451483   114.3553395683  23.5690000000   0.3200000000    0.3900000000    1.4700000000   
293062.0000000000 30.5286464133   114.3553540100  23.7490000000   0.3200000000    0.3900000000    1.4800000000   
293063.0000000000 30.5286469183   114.3553677233  23.8060000000   0.3200000000    0.4000000000    1.4800000000   
293064.0000000000 30.5286467467   114.3553819283  23.7070000000   0.3300000000    0.4000000000    1.4900000000   
293065.0000000000 30.5286464800   114.3553972033  23.5340000000   0.3300000000    0.4000000000    1.5000000000   
293066.0000000000 30.5286455283   114.3554131633  24.0990000000   0.3300000000    0.4000000000    1.5300000000   
293067.0000000000 30.5286445483   114.3554269167  24.3590000000   0.3400000000    0.4000000000    1.5500000000   
293068.0000000000 30.5286452700   114.3554414667  24.3600000000   0.3400000000    0.4100000000    1.5700000000   
293069.0000000000 30.5286449717   114.3554551267  24.3210000000   0.3400000000    0.4100000000    1.5700000000   
293070.0000000000 30.5286462083   114.3554691000  23.9920000000   0.3500000000    0.4100000000    1.5900000000   
293071.0000000000 30.5286445367   114.3554831450  24.1970000000   0.3600000000    0.4200000000    1.6100000000   
293072.0000000000 30.5286446167   114.3554974350  24.3160000000   0.3700000000    0.4200000000    1.6200000000   
293073.0000000000 30.5286447683   114.3555103917  24.0350000000   0.3700000000    0.4200000000    1.6300000000   
293074.0000000000 30.5286454400   114.3555248200  24.3420000000   0.3700000000    0.4300000000    1.6300000000   
293075.0000000000 30.5286454500   114.3555384667  24.1950000000   0.3700000000    0.4400000000    1.6600000000   
293076.0000000000 30.5286460600   114.3555525900  24.1420000000   0.3800000000    0.4400000000    1.6700000000   
293077.0000000000 30.5286466267   114.3555665617  24.1000000000   0.3800000000    0.4400000000    1.6700000000   
293078.0000000000 30.5286477567   114.3555801217  24.2530000000   0.3800000000    0.4500000000    1.6800000000   
293079.0000000000 30.5286485367   114.3555931333  24.1140000000   0.3900000000    0.4500000000    1.6800000000   
293080.0000000000 30.5286495483   114.3556069567  24.1420000000   0.3900000000    0.4500000000    1.6900000000   
293081.0000000000 30.5286505883   114.3556199367  24.4520000000   0.3900000000    0.4500000000    1.6900000000   
293082.0000000000 30.5286473233   114.3556320550  24.1840000000   0.4000000000    0.4600000000    1.7000000000   
293083.0000000000 30.5286429467   114.3556442967  24.2600000000   0.4000000000    0.4600000000    1.7100000000   
293084.0000000000 30.5286373600   114.3556555500  24.5380000000   0.4000000000    0.4600000000    1.7200000000   
293085.0000000000 30.5286301267   114.3556643017  24.5530000000   0.4000000000    0.4600000000    1.7200000000   
293086.0000000000 30.5286214717   114.3556712900  24.5880000000   0.4000000000    0.4600000000    1.7200000000   
293087.0000000000 30.5286120817   114.3556764950  24.5620000000   0.4000000000    0.4600000000    1.7200000000   
293088.0000000000 30.5286020567   114.3556791883  24.5890000000   0.4000000000    0.4600000000    1.7200000000   
293089.0000000000 30.5285923467   114.3556808250  24.5670000000   0.4000000000    0.4600000000    1.7300000000   
293090.0000000000 30.5285831033   114.3556812200  24.5660000000   0.4000000000    0.4600000000    1.7300000000   
293091.0000000000 30.5285746333   114.3556816833  24.5180000000   0.4000000000    0.4600000000    1.7300000000   
293092.0000000000 30.5285655800   114.3556825267  24.5800000000   0.4000000000    0.4600000000    1.7300000000   
293093.0000000000 30.5285565517   114.3556835000  24.5470000000   0.4000000000    0.4600000000    1.7300000000   
293094.0000000000 30.5285472533   114.3556843017  24.4920000000   0.4000000000    0.4600000000    1.7300000000   
293095.0000000000 30.5285380117   114.3556856850  24.5740000000   0.4000000000    0.4600000000    1.7300000000   
293096.0000000000 30.5285296683   114.3556863300  24.5650000000   0.4000000000    0.4600000000    1.7300000000   
293097.0000000000 30.5285210417   114.3556864667  24.5730000000   0.4000000000    0.4600000000    1.7300000000   
293098.0000000000 30.5285111350   114.3556864100  24.5270000000   0.4000000000    0.4600000000    1.7300000000   
293099.0000000000 30.5285013567   114.3556864217  24.5520000000   0.4000000000    0.4600000000    1.7300000000   
293100.0000000000 30.5284921950   114.3556863567  24.5530000000   0.4100000000    0.4600000000    1.7300000000   
293101.0000000000 30.5284826283   114.3556862817  24.5900000000   0.4100000000    0.4600000000    1.7400000000   
293102.0000000000 30.5284726933   114.3556860883  24.6170000000   0.4100000000    0.4600000000    1.7400000000   
293103.0000000000 30.5284635550   114.3556848100  19.5150000000   0.4600000000    0.6300000000    1.6500000000   
293104.0000000000 30.5284532083   114.3556844133  19.5570000000   0.4400000000    0.6100000000    1.5900000000   
293105.0000000000 30.5284433550   114.3556842533  19.4590000000   0.4300000000    0.5900000000    1.5400000000   
293106.0000000000 30.5284336983   114.3556838667  19.2750000000   0.4100000000    0.5700000000    1.5000000000   
293107.0000000000 30.5284241783   114.3556844233  19.3820000000   0.4000000000    0.5400000000    1.4000000000   
293108.0000000000 30.5284149733   114.3556845717  19.3240000000   0.3900000000    0.5100000000    1.3100000000   
293109.0000000000 30.5284051100   114.3556847150  19.4560000000   0.3700000000    0.4800000000    1.2500000000   
293110.0000000000 30.5283945383   114.3556845367  19.4150000000   0.3600000000    0.4600000000    1.1900000000   
293111.0000000000 30.5283835767   114.3556845283  19.3950000000   0.3500000000    0.4400000000    1.1200000000   
293112.0000000000 30.5283740000   114.3556916600  20.7520000000   0.0100000000    0.0100000000    0.0300000000   
293113.0000000000 30.5283635117   114.3556914350  20.7560000000   0.0100000000    0.0100000000    0.0300000000   
293114.0000000000 30.5283538833   114.3556913400  20.7410000000   0.0100000000    0.0100000000    0.0300000000   
293115.0000000000 30.5283456367   114.3556910900  20.7700000000   0.0100000000    0.0100000000    0.0300000000   
293116.0000000000 30.5283372833   114.3556905317  20.7680000000   0.0100000000    0.0100000000    0.0300000000   
293117.0000000000 30.5283294783   114.3556901000  20.7730000000   0.0100000000    0.0100000000    0.0300000000   
293118.0000000000 30.5283217917   114.3556890650  20.7650000000   0.0100000000    0.0100000000    0.0300000000   
293119.0000000000 30.5283144583   114.3556882167  20.7820000000   0.0100000000    0.0100000000    0.0300000000   
293120.0000000000 30.5283064400   114.3556871750  20.7820000000   0.0100000000    0.0100000000    0.0300000000   
293121.0000000000 30.5282976750   114.3556862467  20.7930000000   0.0100000000    0.0100000000    0.0300000000   
293122.0000000000 30.5282893133   114.3556858917  20.8020000000   0.0100000000    0.0100000000    0.0300000000   
293123.0000000000 30.5282814750   114.3556852633  20.7770000000   0.0100000000    0.0100000000    0.0300000000   
293124.0000000000 30.5282731267   114.3556847250  20.7940000000   0.0100000000    0.0100000000    0.0300000000   
293125.0000000000 30.5282652333   114.3556839867  20.7650000000   0.0100000000    0.0100000000    0.0300000000   
293126.0000000000 30.5282565417   114.3556832950  20.7730000000   0.0100000000    0.0100000000    0.0300000000   
293127.0000000000 30.5282470133   114.3556824917  20.7860000000   0.0100000000    0.0100000000    0.0300000000   
293128.0000000000 30.5282366450   114.3556815433  20.7780000000   0.0100000000    0.0100000000    0.0300000000   
293129.0000000000 30.5282258950   114.3556807117  20.7680000000   0.0100000000    0.0100000000    0.0300000000   
293130.0000000000 30.5282156100   114.3556802367  20.7920000000   0.0100000000    0.0100000000    0.0300000000   
293131.0000000000 30.5282075917   114.3556830283  20.7680000000   0.0100000000    0.0100000000    0.0300000000   
293132.0000000000 30.5282015900   114.3556900450  20.7740000000   0.0100000000    0.0100000000    0.0300000000   
293133.0000000000 30.5282000967   114.3557003933  20.7600000000   0.0100000000    0.0100000000    0.0300000000   
293134.0000000000 30.5282049483   114.3557094050  20.7700000000   0.0100000000    0.0100000000    0.0300000000   
293135.0000000000 30.5282137483   114.3557131117  20.7760000000   0.0100000000    0.0100000000    0.0300000000   
293136.0000000000 30.5282239983   114.3557159033  20.7700000000   0.0100000000    0.0100000000    0.0300000000   
293137.0000000000 30.5282346233   114.3557169133  20.7900000000   0.0100000000    0.0100000000    0.0300000000   
293138.0000000000 30.5282451583   114.3557175150  20.7780000000   0.0100000000    0.0100000000    0.0200000000   
293139.0000000000 30.5282543900   114.3557171600  20.8010000000   0.0100000000    0.0100000000    0.0300000000   
293140.0000000000 30.5282638450   114.3557169850  20.7900000000   0.0100000000    0.0100000000    0.0300000000   
293141.0000000000 30.5282737100   114.3557165867  20.7900000000   0.0100000000    0.0100000000    0.0300000000   
293142.0000000000 30.5282840183   114.3557164250  20.7910000000   0.0100000000    0.0100000000    0.0300000000   
293143.0000000000 30.5282947000   114.3557163467  20.8040000000   0.0100000000    0.0100000000    0.0300000000   
293144.0000000000 30.5283051817   114.3557161250  20.7740000000   0.0100000000    0.0100000000    0.0300000000   
293145.0000000000 30.5283160067   114.3557159783  20.7700000000   0.0100000000    0.0100000000    0.0300000000   
293146.0000000000 30.5283270700   114.3557159083  20.7730000000   0.0100000000    0.0100000000    0.0300000000   
293147.0000000000 30.5283382233   114.3557160667  20.7880000000   0.0100000000    0.0100000000    0.0300000000   
293148.0000000000 30.5283495083   114.3557162050  20.7580000000   0.0100000000    0.0100000000    0.0300000000   
293149.0000000000 30.5283607733   114.3557165050  20.7600000000   0.0100000000    0.0100000000    0.0300000000   
293150.0000000000 30.5283723017   114.3557167617  20.7400000000   0.0100000000    0.0100000000    0.0300000000   
293151.0000000000 30.5283819933   114.3557173550  20.7350000000   0.0100000000    0.0100000000    0.0300000000   
293152.0000000000 30.5283918933   114.3557178383  20.7130000000   0.0100000000    0.0100000000    0.0300000000   
293153.0000000000 30.5284022000   114.3557182383  20.7080000000   0.0100000000    0.0100000000    0.0300000000   
293154.0000000000 30.5284125200   114.3557185183  20.6980000000   0.0100000000    0.0100000000    0.0300000000   
293155.0000000000 30.5284232183   114.3557187000  20.6830000000   0.0100000000    0.0100000000    0.0300000000   
293156.0000000000 30.5284336833   114.3557187283  20.6900000000   0.0100000000    0.0100000000    0.0300000000   
293157.0000000000 30.5284437967   114.3557187667  20.7150000000   0.0100000000    0.0100000000    0.0300000000   
293158.0000000000 30.5284538650   114.3557189583  20.6700000000   0.0100000000    0.0100000000    0.0300000000   
293159.0000000000 30.5284643050   114.3557192383  20.6680000000   0.0100000000    0.0100000000    0.0300000000   
293160.0000000000 30.5284748833   114.3557194050  20.6940000000   0.0100000000    0.0100000000    0.0300000000   
293161.0000000000 30.5284857900   114.3557199167  20.7400000000   0.0100000000    0.0100000000    0.0300000000   
293162.0000000000 30.5284969633   114.3557203100  20.6990000000   0.0100000000    0.0100000000    0.0400000000   
293163.0000000000 30.5285083183   114.3557205500  20.7170000000   0.0100000000    0.0100000000    0.0400000000   
293164.0000000000 30.5285202983   114.3557210367  20.6740000000   0.0100000000    0.0100000000    0.0400000000   
293165.0000000000 30.5285325883   114.3557214317  20.6490000000   0.0200000000    0.0200000000    0.0400000000   
293166.0000000000 30.5285450600   114.3557214333  20.7390000000   0.0200000000    0.0200000000    0.0400000000   
293167.0000000000 30.5285574417   114.3557201033  20.7720000000   0.0200000000    0.0200000000    0.0500000000   
293168.0000000000 30.5285699000   114.3557179183  20.8700000000   0.0200000000    0.0300000000    0.0700000000   
293169.0000000000 30.5285818700   114.3557126183  20.5840000000   0.0200000000    0.0300000000    0.0700000000   
293170.0000000000 30.5285929333   114.3557072200  20.6190000000   0.0200000000    0.0300000000    0.0700000000   
293171.0000000000 30.5286032150   114.3557027017  20.7280000000   0.0200000000    0.0300000000    0.0600000000   
293172.0000000000 30.5286138250   114.3556980000  20.7150000000   0.0200000000    0.0300000000    0.0700000000   
293173.0000000000 30.5286233083   114.3556897667  20.7460000000   0.0200000000    0.0300000000    0.0700000000   
293174.0000000000 30.5286317483   114.3556798133  20.6510000000   0.0200000000    0.0300000000    0.0800000000   
293175.0000000000 30.5286387383   114.3556674683  20.4810000000   0.0200000000    0.0300000000    0.1000000000   
293176.0000000000 30.5286439917   114.3556542733  20.4880000000   0.0200000000    0.0300000000    0.1200000000   
293177.0000000000 30.5286487100   114.3556400800  20.3780000000   0.0500000000    0.0500000000    0.1600000000   
293178.0000000000 30.5286520383   114.3556266550  20.4690000000   0.0700000000    0.0600000000    0.2000000000   
293179.0000000000 30.5286523117   114.3556096217  19.9270000000   0.1100000000    0.1000000000    0.2700000000   
293180.0000000000 30.5286535817   114.3555952600  20.0810000000   0.1200000000    0.1300000000    0.3400000000   
293181.0000000000 30.5286554767   114.3555813183  20.4050000000   0.1300000000    0.1600000000    0.4100000000   
293182.0000000000 30.5286567050   114.3555660250  20.4330000000   0.1300000000    0.1700000000    0.4300000000   
293183.0000000000 30.5286573550   114.3555510183  20.3240000000   0.1500000000    0.1900000000    0.4800000000   
293184.0000000000 30.5286579967   114.3555371750  20.5900000000   0.1500000000    0.2000000000    0.5100000000   
293185.0000000000 30.5286581467   114.3555216933  20.4870000000   0.1500000000    0.2100000000    0.5300000000   
293186.0000000000 30.5286583050   114.3555060200  20.3780000000   0.1600000000    0.2300000000    0.5700000000   
293187.0000000000 30.5286584817   114.3554918750  20.5330000000   0.1600000000    0.2400000000    0.6200000000   
293188.0000000000 30.5286585983   114.3554772267  20.6040000000   0.1700000000    0.2500000000    0.6500000000   
293189.0000000000 30.5286584750   114.3554624600  20.6240000000   0.1700000000    0.2600000000    0.6800000000   
293190.0000000000 30.5286585883   114.3554464017  20.5320000000   0.1900000000    0.3100000000    0.8400000000   
293191.0000000000 30.5286576350   114.3554319367  20.6160000000   0.1900000000    0.3300000000    0.8800000000   
293192.0000000000 30.5286582483   114.3554177600  20.5650000000   0.2000000000    0.3300000000    0.8800000000   
293193.0000000000 30.5286585750   114.3554029783  20.5670000000   0.2000000000    0.3300000000    0.8900000000   
293194.0000000000 30.5286582867   114.3553892700  20.6430000000   0.2000000000    0.3300000000    0.8900000000   
293195.0000000000 30.5286579783   114.3553758267  20.4590000000   0.2000000000    0.3300000000    0.9000000000   
293196.0000000000 30.5286578400   114.3553625083  20.7530000000   0.2000000000    0.3400000000    0.9100000000   
293197.0000000000 30.5286814917   114.3553729683  25.4590000000   2.3700000000    5.0700000000    11.6600000000  
293198.0000000000 30.5286783433   114.3553604533  25.7560000000   2.3500000000    4.8000000000    11.0800000000  
293199.0000000000 30.5286659800   114.3553332900  22.0800000000   1.7100000000    4.2000000000    10.1100000000  
293200.0000000000 30.5286749000   114.3553142367  21.8940000000   2.0000000000    3.7900000000    8.8300000000   
