116450.000000   30.5284656653  114.3557363642 20.65300000 0.01000000 0.01100000 0.05400000 0.01200000 0.03600000 0.12800000 0.03500000 0.04800000 0.16100000
116451.000000   30.5284656565  114.3557363669 20.65400000 0.01000000 0.01100000 0.05400000 0.03200000 0.03800000 0.06400000 0.02100000 0.02900000 0.09800000
116452.000000   30.5284656777  114.3557362948 20.65100000 0.01000000 0.01100000 0.05400000 0.02500000 -0.09600000 -0.19700000 0.04100000 0.05800000 0.19200000
116453.000000   30.5284656253  114.3557363409 20.66600000 0.01000000 0.01100000 0.05400000 -0.04000000 -0.07600000 -0.18600000 0.04900000 0.06900000 0.22900000
116454.000000   30.5284657327  114.3557363652 20.63700000 0.01000000 0.01100000 0.05400000 0.06400000 0.03100000 -0.03800000 0.02100000 0.02900000 0.09600000
116455.000000   30.5284657363  114.3557363356 20.64200000 0.01000000 0.01100000 0.05400000 0.00300000 -0.02800000 -0.08700000 0.05600000 0.07800000 0.25800000
116456.000000   30.5284656783  114.3557363441 20.63800000 0.01000000 0.01100000 0.05400000 -0.05700000 0.03300000 0.05700000 0.04400000 0.06100000 0.20200000
116457.000000   30.5284657012  114.3557364060 20.63300000 0.01000000 0.01100000 0.05400000 0.03000000 0.08400000 0.18800000 0.04100000 0.05700000 0.19100000
116458.000000   30.5284656438  114.3557364105 20.64400000 0.01000000 0.01100000 0.05400000 -0.01800000 -0.01600000 -0.06100000 0.05200000 0.07200000 0.24000000
116459.000000   30.5284656628  114.3557363834 20.63900000 0.01000000 0.01100000 0.05400000 0.00000000 -0.05200000 0.00400000 0.04500000 0.06200000 0.20700000
116460.000000   30.5284656698  114.3557363428 20.66900000 0.01000000 0.01100000 0.05400000 0.01600000 -0.04100000 -0.08500000 0.04300000 0.06000000 0.20100000
116461.000000   30.5284656858  114.3557364275 20.66100000 0.01000000 0.01100000 0.05400000 -0.01100000 -0.04800000 -0.16800000 0.04200000 0.05800000 0.19400000
116462.000000   30.5284656776  114.3557363673 20.65600000 0.01000000 0.01100000 0.05400000 -0.03400000 -0.01000000 0.01900000 0.05300000 0.07400000 0.24700000
116463.000000   30.5284657185  114.3557363867 20.63100000 0.01000000 0.01100000 0.05400000 -0.02200000 0.04600000 0.16600000 0.02400000 0.03300000 0.11100000
116464.000000   30.5284654093  114.3557363656 20.65600000 0.01000000 0.01100000 0.05400000 -0.05200000 0.05000000 0.06100000 0.18800000 0.26200000 0.87500000
116465.000000   30.5284626689  114.3557364046 20.63800000 0.01000000 0.01100000 0.05600000 -0.47400000 -0.04100000 -0.04200000 0.03400000 0.04700000 0.15600000
116466.000000   30.5284571992  114.3557363521 20.66800000 0.01000000 0.01100000 0.05600000 -0.82600000 -0.06200000 -0.08100000 0.04500000 0.06400000 0.18400000
116467.000000   30.5284485365  114.3557365731 20.57700000 0.00900000 0.01000000 0.03800000 -1.06800000 0.04900000 -0.39500000 0.07400000 0.09900000 0.29900000
116468.000000   30.5284365941  114.3557365636 20.65700000 0.00900000 0.01000000 0.03800000 -1.35600000 0.09900000 0.11700000 0.09700000 0.13000000 0.39300000
116469.000000   30.5284241687  114.3557369232 20.62000000 0.00900000 0.01000000 0.03800000 -1.11100000 0.10600000 0.25400000 0.04100000 0.05500000 0.16500000
116470.000000   30.5284157671  114.3557370539 20.62600000 0.00900000 0.01000000 0.03800000 -0.68600000 0.05800000 -0.09000000 0.07300000 0.09800000 0.17800000
116471.000000   30.5284097651  114.3557368331 20.64600000 0.00900000 0.01000000 0.03800000 -0.76700000 -0.01400000 0.35000000 0.03900000 0.05200000 0.15800000
116472.000000   30.5284013450  114.3557365532 20.70700000 0.00900000 0.01000000 0.03800000 -0.95100000 -0.04000000 -0.10900000 0.04200000 0.05600000 0.10200000
116473.000000   30.5283924903  114.3557366854 20.70700000 0.00800000 0.01000000 0.03600000 -1.04900000 0.13700000 -0.30100000 0.12400000 0.17700000 0.50500000
116474.000000   30.5283835676  114.3557375297 20.69500000 0.00800000 0.01000000 0.03600000 -0.93300000 0.07700000 -0.02100000 0.10100000 0.14400000 0.41100000
116475.000000   30.5283748776  114.3557377642 20.77200000 0.00800000 0.01000000 0.02800000 -0.98200000 0.02600000 -0.13600000 0.04500000 0.05800000 0.11300000
116476.000000   30.5283662087  114.3557372767 20.75200000 0.00800000 0.01000000 0.02800000 -0.90900000 -0.03900000 0.09200000 0.03500000 0.04500000 0.08700000
116477.000000   30.5283572988  114.3557360601 20.72500000 0.00800000 0.01000000 0.03600000 -0.97800000 0.01600000 -0.27000000 0.06500000 0.08400000 0.16300000
116478.000000   30.5283498704  114.3557349639 20.72300000 0.00800000 0.01000000 0.03600000 -0.73100000 -0.03700000 0.09300000 0.05500000 0.07600000 0.14000000
116479.000000   30.5283426734  114.3557338343 20.70600000 0.00800000 0.01000000 0.03600000 -0.71300000 -0.10300000 -0.08700000 0.04400000 0.06100000 0.11100000
116480.000000   30.5283351048  114.3557325455 20.72300000 0.00800000 0.01000000 0.03600000 -0.85900000 -0.15000000 0.07000000 0.03500000 0.04800000 0.08900000
116481.000000   30.5283278166  114.3557311065 20.71900000 0.00800000 0.01000000 0.03600000 -0.80400000 -0.14000000 0.27900000 0.04300000 0.06000000 0.10900000
116482.000000   30.5283202455  114.3557291882 20.74300000 0.00800000 0.01000000 0.03600000 -0.84700000 -0.24200000 0.07600000 0.03800000 0.05300000 0.09700000
116483.000000   30.5283126607  114.3557259641 20.74900000 0.00800000 0.01000000 0.03600000 -0.82900000 -0.29600000 -0.08800000 0.06800000 0.09400000 0.17300000
116484.000000   30.5283054185  114.3557222588 20.74700000 0.00800000 0.01000000 0.03600000 -0.77100000 -0.33000000 0.19800000 0.02900000 0.04000000 0.07400000
116485.000000   30.5282984994  114.3557176971 20.77300000 0.00700000 0.01000000 0.02900000 -0.77400000 -0.41800000 -0.07400000 0.04200000 0.06300000 0.11700000
116486.000000   30.5282920333  114.3557129559 20.74700000 0.01200000 0.01000000 0.03700000 -0.66900000 -0.44000000 0.18500000 0.06200000 0.09000000 0.17300000
116487.000000   30.5282862378  114.3557074852 20.72800000 0.01200000 0.01000000 0.03700000 -0.73200000 -0.48100000 0.33400000 0.03700000 0.03800000 0.11400000
116488.000000   30.5282813534  114.3557018756 20.76800000 0.02300000 0.01100000 0.06000000 -0.31800000 -0.66000000 -0.25300000 0.04200000 0.06400000 0.11800000
116489.000000   30.5282774460  114.3556953034 20.73600000 0.02300000 0.01100000 0.06000000 -0.44100000 -0.76600000 -0.29400000 0.03400000 0.04900000 0.11600000
116490.000000   30.5282736305  114.3556872260 20.77200000 0.02300000 0.01100000 0.06000000 -0.34700000 -0.80200000 -0.15600000 0.03100000 0.04400000 0.10500000
116491.000000   30.5282706581  114.3556789174 20.76500000 0.02300000 0.01100000 0.06000000 -0.22100000 -0.71700000 -0.00300000 0.03100000 0.04500000 0.10600000
116492.000000   30.5282685927  114.3556702665 20.71700000 0.02300000 0.01100000 0.06000000 -0.12600000 -0.85900000 -0.00300000 0.03300000 0.04800000 0.11400000
116493.000000   30.5282674180  114.3556605651 20.73800000 0.02300000 0.01100000 0.06000000 -0.12600000 -0.94400000 -0.00500000 0.05200000 0.07700000 0.18300000
116494.000000   30.5282666069  114.3556513748 20.77100000 0.02300000 0.01100000 0.06000000 -0.06400000 -0.85500000 -0.08000000 0.04700000 0.06900000 0.16400000
116495.000000   30.5282661919  114.3556428716 20.73300000 0.00600000 0.01000000 0.02900000 0.04300000 -0.77200000 -0.03700000 0.04100000 0.06000000 0.14400000
116496.000000   30.5282662551  114.3556342146 20.75900000 0.00600000 0.01000000 0.02900000 0.00300000 -0.99200000 -0.25600000 0.03600000 0.05300000 0.12500000
116497.000000   30.5282663868  114.3556238549 20.71200000 0.02300000 0.01100000 0.06000000 -0.07600000 -0.97100000 -0.34700000 0.05800000 0.08500000 0.24200000
116498.000000   30.5282671808  114.3556098144 20.70900000 0.02300000 0.01100000 0.06000000 0.07000000 -1.46700000 -0.08400000 0.08700000 0.12800000 0.36400000
116499.000000   30.5282685325  114.3555937019 20.75900000 0.02300000 0.01100000 0.06000000 -0.03400000 -1.48100000 -0.04000000 0.05100000 0.07600000 0.21200000
116500.000000   30.5282695925  114.3555784176 20.66100000 0.02300000 0.01100000 0.06000000 0.18100000 -1.33100000 0.36800000 0.05000000 0.05600000 0.22900000
116501.000000   30.5282728012  114.3555641553 20.71300000 0.02300000 0.01100000 0.06000000 0.62200000 -1.30100000 -0.49900000 0.09800000 0.05300000 0.32700000
116502.000000   30.5282764179  114.3555496444 20.67700000 0.02300000 0.01100000 0.06000000 0.49700000 -1.44100000 -0.28400000 0.15700000 0.08400000 0.52100000
116504.000000   30.5282816359  114.3555195844 20.68900000 0.01300000 0.01100000 0.04700000 0.03400000 -1.64600000 -0.26100000 0.10500000 0.11200000 0.43800000
116505.000000   30.5282808870  114.3555044102 20.61700000 0.01000000 0.01100000 0.05600000 -0.17000000 -1.41500000 0.22800000 0.14100000 0.19100000 0.66400000
116507.000000   30.5282765071  114.3554742876 20.71100000 0.02400000 0.01100000 0.07500000 -0.29100000 -1.34900000 -0.11000000 0.04200000 0.05700000 0.17100000
116508.000000   30.5282737841  114.3554592645 20.56300000 0.02400000 0.01100000 0.07500000 -0.16100000 -1.47200000 -0.13400000 0.08100000 0.11500000 0.32900000
116510.000000   30.5282750077  114.3554291473 20.70300000 0.00900000 0.01000000 0.03700000 0.46200000 -1.38500000 -0.16300000 0.08600000 0.11500000 0.34400000
116513.000000   30.5282833691  114.3553846992 20.53900000 0.01300000 0.01100000 0.04600000 0.11600000 -1.32200000 0.29100000 0.10700000 0.11400000 0.44200000
116514.000000   30.5282836581  114.3553696853 20.54900000 0.02300000 0.01100000 0.06000000 -0.11200000 -1.31200000 0.21500000 0.05500000 0.07800000 0.22200000
116515.000000   30.5282811559  114.3553548774 20.56900000 0.02300000 0.01100000 0.06000000 -0.41700000 -1.34300000 -0.09600000 0.05800000 0.07800000 0.23500000
116516.000000   30.5282776371  114.3553400862 20.48300000 0.00900000 0.01000000 0.03700000 -0.39500000 -1.33700000 0.11300000 0.02900000 0.03800000 0.11500000
116517.000000   30.5282746631  114.3553250043 20.62300000 0.00900000 0.01000000 0.03800000 -0.34300000 -1.38000000 0.17600000 0.04200000 0.05600000 0.17400000
116518.000000   30.5282732910  114.3553100052 20.62900000 0.01000000 0.01000000 0.03800000 -0.05000000 -1.46100000 0.16800000 0.01600000 0.02100000 0.06300000
116519.000000   30.5282744864  114.3552948468 20.61700000 0.00900000 0.01000000 0.03800000 0.31300000 -1.43300000 0.53200000 0.05500000 0.07400000 0.22800000
116520.000000   30.5282773828  114.3552799856 20.63300000 0.01300000 0.01100000 0.04600000 0.34000000 -1.50900000 -0.16900000 0.02400000 0.02600000 0.10100000
116521.000000   30.5282805789  114.3552653169 20.63800000 0.01300000 0.01100000 0.04600000 0.46500000 -1.40000000 -0.87800000 0.11700000 0.15700000 0.47100000
116522.000000   30.5282837587  114.3552504826 20.61800000 0.01300000 0.01100000 0.04600000 0.27100000 -1.41300000 -0.00500000 0.04300000 0.04600000 0.17800000
116523.000000   30.5282850084  114.3552353906 20.42300000 0.00900000 0.01000000 0.03700000 0.08500000 -1.46600000 0.67300000 0.06100000 0.08200000 0.24600000
116524.000000   30.5282860806  114.3552206355 20.51100000 0.01000000 0.01000000 0.04400000 0.04200000 -1.30400000 0.19000000 0.02700000 0.03400000 0.13000000
116525.000000   30.5282866184  114.3552066963 20.48100000 0.01000000 0.01000000 0.04400000 0.07600000 -1.46400000 0.26400000 0.03200000 0.04000000 0.15300000
116527.000000   30.5282865285  114.3551782921 20.50500000 0.00700000 0.01000000 0.03500000 -0.04300000 -1.15800000 0.48400000 0.09000000 0.13300000 0.37800000
116528.000000   30.5282856489  114.3551647909 20.49500000 0.00700000 0.01000000 0.03500000 -0.10900000 -1.04000000 -0.05000000 0.07200000 0.10600000 0.30100000
116529.000000   30.5282832438  114.3551515586 20.47100000 0.00900000 0.01100000 0.05700000 -0.24000000 -1.17000000 -0.07000000 0.09800000 0.14700000 0.52400000
116530.000000   30.5282805225  114.3551386633 20.44600000 0.01000000 0.01100000 0.06800000 -0.43200000 -1.25000000 -0.18300000 0.01800000 0.02700000 0.11700000
116531.000000   30.5282762946  114.3551266315 20.52300000 0.01200000 0.01100000 0.07000000 -0.58800000 -1.12000000 -0.01900000 0.08900000 0.11200000 0.42500000
116537.000000   30.5282295876  114.3550742408 20.29100000 0.01200000 0.01400000 0.04900000 -1.18700000 -0.08900000 -0.85000000 0.14100000 0.24200000 0.69700000
116538.000000   30.5282193451  114.3550699549 20.36900000 0.02400000 0.01500000 0.06300000 -1.09700000 -0.38400000 0.03000000 0.19800000 0.16500000 0.69600000
116539.000000   30.5282080381  114.3550669678 20.45400000 0.01300000 0.01400000 0.04300000 -1.23800000 -0.09900000 -0.34500000 0.10900000 0.17900000 0.40700000
116551.000000   30.5280508212  114.3550508561 20.38800000 0.02400000 0.01400000 0.06600000 -1.51800000 0.26300000 0.36100000 0.09000000 0.04700000 0.29600000
116557.000000   30.5279722089  114.3550628850 20.34500000 0.01000000 0.01000000 0.03700000 -1.55600000 0.06400000 0.07700000 0.05100000 0.06500000 0.19100000
116558.000000   30.5279597669  114.3550622748 20.56300000 0.01000000 0.01000000 0.03700000 -1.45200000 0.06000000 -0.05300000 0.06400000 0.08100000 0.24000000
116559.000000   30.5279464064  114.3550613105 20.55200000 0.01000000 0.01000000 0.03700000 -1.41100000 -0.06700000 0.25200000 0.03200000 0.04000000 0.11900000
116560.000000   30.5279329085  114.3550596067 20.43000000 0.01000000 0.01000000 0.03700000 -1.35000000 -0.16700000 -0.26000000 0.04100000 0.05200000 0.15200000
116561.000000   30.5279198252  114.3550581133 20.52000000 0.01000000 0.01000000 0.03700000 -1.51400000 0.00300000 -0.27000000 0.03600000 0.04500000 0.13200000
116562.000000   30.5279067578  114.3550570655 20.37800000 0.02400000 0.01500000 0.06300000 -1.29700000 0.17000000 -0.61200000 0.08100000 0.06600000 0.28000000
116563.000000   30.5278935025  114.3550573376 20.35400000 0.02500000 0.01900000 0.06300000 -1.44000000 0.11800000 -0.04900000 0.04300000 0.04400000 0.16300000
116564.000000   30.5278805351  114.3550581061 20.43400000 0.02500000 0.01900000 0.06300000 -1.43800000 -0.11100000 0.37600000 0.16300000 0.16500000 0.61400000
116565.000000   30.5278667764  114.3550586679 20.29700000 0.01400000 0.01900000 0.04100000 -1.58300000 0.14800000 -0.10400000 0.12300000 0.21200000 0.39600000
116567.000000   30.5278403650  114.3550593397 20.32300000 0.01400000 0.01900000 0.04100000 -1.42500000 -0.13100000 -0.17200000 0.05500000 0.09400000 0.17500000
116595.000000   30.5275300638  114.3552172112 20.98300000 0.18100000 0.02300000 0.39800000 -0.94400000 1.30400000 0.01000000 0.15100000 0.06000000 0.18200000
116596.000000   30.5275224922  114.3552301642 20.82100000 0.18000000 0.02300000 0.39600000 -0.67900000 1.20400000 0.04900000 0.42800000 0.17100000 0.51500000
116597.000000   30.5275158175  114.3552436654 20.73100000 0.18000000 0.02300000 0.39400000 -1.06900000 1.26200000 0.11600000 0.17200000 0.06900000 0.20700000
116598.000000   30.5275082374  114.3552572475 20.37100000 0.09700000 0.01300000 0.20400000 -0.88000000 1.33400000 0.06400000 0.21600000 0.08600000 0.26000000
116599.000000   30.5275013777  114.3552704281 20.26200000 0.03600000 0.01000000 0.04500000 -0.63500000 1.29600000 0.14500000 0.13000000 0.05200000 0.15700000
116600.000000   30.5274957149  114.3552838546 20.45200000 1.04100000 0.29900000 1.17000000 -0.95100000 1.12500000 0.62100000 0.08500000 0.03400000 0.10200000
116601.000000   30.5274888567  114.3552971687 20.20600000 0.09700000 0.01400000 0.20300000 -0.54700000 1.00000000 0.17300000 0.21300000 0.08500000 0.25500000
116602.000000   30.5274828279  114.3553107334 20.34500000 0.09700000 0.01400000 0.20300000 -0.73400000 1.40700000 0.21900000 0.25700000 0.10300000 0.30900000
116603.000000   30.5274747115  114.3553238919 19.89300000 0.09700000 0.01400000 0.20300000 -0.80000000 1.26200000 -0.08200000 0.12700000 0.08100000 0.21900000
116604.000000   30.5274690435  114.3553371531 20.25900000 0.09600000 0.01400000 0.20200000 -0.77800000 1.51900000 -0.61900000 0.17700000 0.11300000 0.30500000
116605.000000   30.5274593740  114.3553500585 19.48900000 0.09600000 0.01400000 0.20200000 -0.31700000 1.17100000 -0.07500000 0.30100000 0.19200000 0.52000000
116607.000000   30.5274483488  114.3553758078 20.12200000 0.02100000 0.01000000 0.03000000 -0.75800000 1.28300000 0.04000000 0.18100000 0.11500000 0.31200000
116608.000000   30.5274414793  114.3553888607 20.01900000 0.02300000 0.01500000 0.03100000 -0.95000000 1.20600000 0.28000000 0.11600000 0.10700000 0.18000000
116609.000000   30.5274345642  114.3554023399 20.25600000 0.02300000 0.01100000 0.05900000 -0.71700000 1.32700000 0.03900000 0.12500000 0.07900000 0.21500000
116610.000000   30.5274272810  114.3554151756 20.14300000 0.02300000 0.01100000 0.05900000 -0.38500000 1.02200000 -0.19900000 0.39900000 0.20100000 1.29900000
116612.000000   30.5274122375  114.3554409263 19.71800000 0.02300000 0.01100000 0.05900000 -0.67800000 1.21000000 -0.08600000 0.23800000 0.12000000 0.77600000
116613.000000   30.5274069746  114.3554537135 19.96600000 0.02500000 0.01500000 0.06200000 -0.67000000 1.10400000 0.13400000 0.08100000 0.06500000 0.27600000
116614.000000   30.5273985500  114.3554666704 19.62200000 0.02300000 0.01100000 0.05900000 -0.66100000 1.24200000 -0.00400000 0.13400000 0.06700000 0.43600000
116618.000000   30.5273750263  114.3555199119 19.45000000 0.02400000 0.01200000 0.06300000 -0.25900000 1.36200000 -0.35600000 0.30300000 0.15100000 0.98300000
116620.000000   30.5273654720  114.3555482974 19.36700000 0.02600000 0.02900000 0.06100000 -0.72300000 1.31200000 0.31500000 0.03800000 0.04800000 0.14500000
116622.000000   30.5273557770  114.3555762649 19.33600000 0.02700000 0.01800000 0.08800000 -0.32200000 1.29100000 -0.42200000 0.16200000 0.12900000 0.54900000
116628.000000   30.5273268611  114.3556617630 19.20900000 0.01200000 0.01200000 0.03800000 -0.39700000 1.34100000 -0.50100000 0.09400000 0.09900000 0.38000000
116629.000000   30.5273219375  114.3556756522 19.14900000 0.01200000 0.01200000 0.03800000 -0.49500000 1.27700000 0.41800000 0.08400000 0.08900000 0.34100000
116630.000000   30.5273167637  114.3556899730 19.16500000 0.01200000 0.01200000 0.03800000 -0.59600000 1.35000000 0.07100000 0.05800000 0.06100000 0.23600000
116631.000000   30.5273122685  114.3557045492 19.12000000 0.01200000 0.01200000 0.03800000 -0.40000000 1.47100000 -0.09100000 0.03200000 0.03400000 0.13100000
116632.000000   30.5273090513  114.3557186523 19.11300000 0.01200000 0.01200000 0.03800000 -0.16100000 1.32500000 -0.30400000 0.02900000 0.03000000 0.11600000
116633.000000   30.5273066367  114.3557333327 19.07800000 0.00700000 0.01300000 0.03400000 0.02200000 1.39800000 0.48500000 0.08800000 0.11700000 0.35600000
116634.000000   30.5273053217  114.3557486216 19.08100000 0.00700000 0.01300000 0.03000000 -0.06900000 1.50100000 0.19100000 0.04900000 0.06900000 0.19400000
116635.000000   30.5273053258  114.3557636422 19.10400000 0.00700000 0.01300000 0.03000000 -0.01200000 1.31800000 -0.00400000 0.05400000 0.07600000 0.21400000
116636.000000   30.5273056492  114.3557787993 19.11000000 0.00700000 0.01300000 0.03000000 -0.06300000 1.50200000 0.01700000 0.04000000 0.05700000 0.16000000
116637.000000   30.5273069679  114.3557941139 19.14100000 0.00700000 0.01300000 0.03300000 0.24000000 1.46100000 -0.25600000 0.03700000 0.04900000 0.14500000
116638.000000   30.5273091926  114.3558092934 19.29300000 0.00900000 0.01200000 0.03500000 0.43100000 1.48800000 -0.38700000 0.02300000 0.02300000 0.07000000
116639.000000   30.5273123381  114.3558230593 19.35000000 0.00900000 0.01200000 0.03500000 0.50400000 1.33000000 -0.03300000 0.09700000 0.09500000 0.29400000
116640.000000   30.5273176697  114.3558364280 19.36500000 0.01000000 0.01500000 0.04000000 0.61400000 1.30700000 0.40500000 0.12100000 0.15600000 0.40400000
116641.000000   30.5273244410  114.3558491808 19.31600000 0.01200000 0.01600000 0.04000000 0.79400000 0.87300000 -0.12000000 0.11600000 0.17200000 0.38100000
116642.000000   30.5273321188  114.3558728567 18.83300000 0.27500000 0.50200000 1.02500000 0.89200000 1.16500000 0.33000000 0.08500000 0.16400000 0.31100000
116643.000000   30.5273361759  114.3558644080 18.82400000 0.38900000 0.61300000 1.10900000 0.88800000 0.75500000 0.16300000 0.15100000 0.34100000 0.43000000
116646.000000   30.5273495928  114.3559028084 19.08400000 0.26200000 0.37100000 1.05700000 0.52100000 1.48800000 -0.17700000 0.10600000 0.10500000 0.32000000
116647.000000   30.5273618643  114.3559293030 20.54000000 0.37800000 0.67700000 1.43100000 0.53100000 1.23200000 -0.15700000 0.11900000 0.16500000 0.34600000
116648.000000   30.5273749195  114.3559385753 20.53000000 0.28300000 0.42300000 1.16400000 1.04700000 1.17500000 -0.17600000 0.37000000 0.34700000 1.03700000
116664.000000   30.5274777769  114.3561242395 19.89900000 0.29900000 0.32900000 0.82200000 1.11500000 1.08000000 -0.15700000 0.19000000 0.22500000 0.57400000
116671.000000   30.5274997392  114.3562412349 18.63000000 1.01500000 0.43700000 1.54800000 -0.10500000 1.09100000 0.80400000 0.25200000 0.14200000 0.48900000
116673.000000   30.5275156219  114.3562433295 20.11700000 0.33700000 0.37800000 0.99200000 1.01100000 0.75000000 -0.68600000 0.49100000 0.81500000 1.68700000
116675.000000   30.5275380751  114.3562906524 20.04200000 0.36500000 0.44300000 1.13400000 1.11200000 1.24800000 -0.06200000 0.15700000 0.26100000 0.44700000
116676.000000   30.5275630404  114.3563047749 19.74100000 0.36500000 0.44200000 1.13400000 0.96000000 1.39900000 -0.05700000 0.07600000 0.12700000 0.21700000
116681.000000   30.5276145587  114.3563288612 19.04700000 0.31500000 0.46200000 0.91600000 1.16400000 0.66300000 -0.28400000 0.07300000 0.10600000 0.22400000
116697.000000   30.5278203138  114.3563536786 21.03200000 0.40300000 0.43200000 1.26800000 1.43400000 -0.31900000 -0.18500000 0.26000000 0.29900000 1.10200000
116706.000000   30.5279398962  114.3563468313 20.10900000 0.26300000 0.41300000 0.71900000 1.29900000 0.04300000 -0.01600000 0.11400000 0.16900000 0.39300000
116707.000000   30.5279539171  114.3563363324 19.17200000 0.29900000 0.38300000 0.72800000 1.58300000 -0.35700000 -0.13300000 0.07800000 0.10700000 0.25300000
116709.000000   30.5279802955  114.3563332742 20.56900000 0.27500000 0.38600000 0.90400000 1.42100000 -0.53600000 0.52000000 0.07100000 0.09300000 0.27400000
116715.000000   30.5280550539  114.3563583927 20.55700000 0.01300000 0.01600000 0.05500000 1.48400000 0.23100000 0.23600000 0.07000000 0.10100000 0.28300000
116716.000000   30.5280682761  114.3563597318 20.61800000 0.01300000 0.01600000 0.05500000 1.50500000 0.06400000 -0.15400000 0.09600000 0.12900000 0.44500000
116717.000000   30.5280814851  114.3563602119 20.59600000 0.01300000 0.01600000 0.05500000 1.37800000 -0.09900000 -1.30400000 0.13400000 0.19800000 0.46300000
116718.000000   30.5280946264  114.3563607189 20.55700000 0.01300000 0.01600000 0.05500000 1.38600000 0.00300000 0.31600000 0.08600000 0.11500000 0.39800000
116719.000000   30.5281077873  114.3563613258 20.57000000 0.01100000 0.01600000 0.04500000 1.48600000 -0.11600000 -0.65300000 0.11500000 0.15300000 0.53000000
116727.000000   30.5282101413  114.3563537091 20.89100000 0.24300000 0.42100000 1.19500000 1.50800000 -0.02200000 -0.07200000 0.11900000 0.17300000 0.57400000
116728.000000   30.5282332177  114.3563607878 20.15400000 0.39400000 0.48000000 1.23500000 1.29400000 -0.36000000 -0.07000000 0.22300000 0.30800000 0.83300000
116729.000000   30.5282377488  114.3563614338 20.61700000 0.39400000 0.48000000 1.23500000 1.69400000 -0.06900000 -0.25600000 0.13800000 0.19100000 0.51500000
116730.000000   30.5282535116  114.3563638063 20.78500000 0.27800000 0.42400000 1.23300000 1.20300000 -0.46900000 -0.16000000 0.12100000 0.17600000 0.61600000
116735.000000   30.5282925050  114.3563021731 20.71900000 0.00800000 0.01200000 0.03000000 0.52300000 -0.84500000 -0.04500000 0.03600000 0.05000000 0.15200000
116740.000000   30.5282939991  114.3562528074 20.71800000 0.03000000 0.01600000 0.08400000 -0.23900000 -0.76700000 0.32300000 0.04400000 0.04800000 0.19600000
116741.000000   30.5282900239  114.3562435441 20.68900000 0.03000000 0.01600000 0.08400000 -0.43700000 -0.94100000 0.57400000 0.10900000 0.13100000 0.47700000
116742.000000   30.5282865393  114.3562334611 20.62900000 0.03000000 0.01600000 0.08400000 -0.34300000 -1.02300000 0.25300000 0.05700000 0.06900000 0.25000000
116743.000000   30.5282831724  114.3562217990 20.64300000 0.03000000 0.01600000 0.08400000 -0.43600000 -1.21100000 0.20100000 0.08900000 0.09200000 0.32700000
116744.000000   30.5282802576  114.3562086579 20.64100000 0.03000000 0.01600000 0.08400000 -0.19200000 -1.14900000 0.32700000 0.04700000 0.06000000 0.28000000
116746.000000   30.5282761959  114.3561787655 20.81200000 0.02800000 0.01300000 0.07800000 -0.03500000 -1.47400000 -0.07800000 0.06400000 0.03000000 0.20400000
116747.000000   30.5282750897  114.3561635859 20.96300000 0.02800000 0.01300000 0.07800000 -0.03200000 -1.43500000 0.11000000 0.19800000 0.09300000 0.62800000
116748.000000   30.5282754349  114.3561484644 20.96700000 0.01200000 0.01300000 0.03800000 0.13500000 -1.38900000 0.10500000 0.05700000 0.06000000 0.22600000
116750.000000   30.5282812330  114.3561191803 20.92800000 0.01200000 0.01300000 0.03800000 0.15700000 -1.38100000 -0.09000000 0.04000000 0.04200000 0.16000000
116753.000000   30.5282754523  114.3560740914 20.77500000 0.02800000 0.01300000 0.07800000 -0.56400000 -1.33400000 0.16900000 0.05100000 0.05400000 0.20300000
116754.000000   30.5282727258  114.3560589966 20.62500000 0.00900000 0.01300000 0.03000000 -0.29800000 -1.43100000 -0.04200000 0.05300000 0.07000000 0.21100000
116755.000000   30.5282726027  114.3560438410 20.71300000 0.00800000 0.01300000 0.02800000 0.05900000 -1.46700000 0.06600000 0.08300000 0.11600000 0.32200000
116756.000000   30.5282750971  114.3560290284 20.74400000 0.00800000 0.01200000 0.02800000 0.26200000 -1.43700000 0.14500000 0.05000000 0.07300000 0.20200000
116758.000000   30.5282827387  114.3559999693 20.77700000 0.01200000 0.01500000 0.05400000 0.27500000 -1.71200000 -0.12500000 0.18200000 0.27300000 1.20000000
116771.000000   30.5282739251  114.3558128871 20.73900000 0.02900000 0.01400000 0.05300000 -0.17300000 -1.05800000 -0.05100000 0.03300000 0.04100000 0.10600000
116773.000000   30.5282712451  114.3557929801 20.71900000 0.00900000 0.01100000 0.02200000 -0.01100000 -0.97200000 0.11400000 0.03900000 0.05500000 0.13100000
116774.000000   30.5282705892  114.3557829739 20.74500000 0.00900000 0.01100000 0.02200000 -0.11700000 -0.96500000 -0.19400000 0.04700000 0.06600000 0.15900000
116775.000000   30.5282706329  114.3557730892 20.76800000 0.00900000 0.01100000 0.02200000 0.00300000 -0.87700000 -0.08800000 0.06500000 0.09100000 0.21800000
116776.000000   30.5282715431  114.3557629384 20.74400000 0.00700000 0.01100000 0.01900000 0.17600000 -0.94000000 0.08600000 0.04500000 0.06300000 0.15100000
116777.000000   30.5282732543  114.3557531030 20.76800000 0.00700000 0.01100000 0.01900000 0.33800000 -0.90200000 -0.05100000 0.03600000 0.05100000 0.12200000
116778.000000   30.5282763255  114.3557438101 20.76700000 0.00800000 0.01300000 0.02800000 0.38800000 -0.81900000 0.19200000 0.09300000 0.13000000 0.35900000
116779.000000   30.5282801065  114.3557350819 20.78400000 0.00800000 0.01300000 0.02800000 0.44200000 -0.76200000 -0.21300000 0.04200000 0.05800000 0.16200000
116780.000000   30.5282847500  114.3557268532 20.77800000 0.00800000 0.01300000 0.02800000 0.60200000 -0.74500000 0.25000000 0.02000000 0.02800000 0.07800000
116781.000000   30.5282904224  114.3557192919 20.78800000 0.00800000 0.01300000 0.02800000 0.53000000 -0.72300000 0.25800000 0.05800000 0.08100000 0.22300000
116782.000000   30.5282964329  114.3557123855 20.77700000 0.00800000 0.01300000 0.02800000 0.67200000 -0.55400000 0.09900000 0.04300000 0.06100000 0.16800000
116783.000000   30.5283031912  114.3557065368 20.78300000 0.00900000 0.01300000 0.02900000 0.69500000 -0.44400000 -0.19200000 0.04200000 0.05800000 0.16100000
116784.000000   30.5283102760  114.3557013363 20.74100000 0.00900000 0.01300000 0.02900000 0.81600000 -0.43600000 0.05000000 0.07800000 0.10900000 0.30200000
116785.000000   30.5283177477  114.3556968458 20.72200000 0.00900000 0.01300000 0.02900000 0.85400000 -0.48100000 0.13400000 0.05800000 0.08000000 0.22300000
116786.000000   30.5283256324  114.3556937565 20.71300000 0.00900000 0.01300000 0.02900000 0.81200000 -0.17500000 0.09000000 0.04400000 0.06100000 0.16900000
116787.000000   30.5283340130  114.3556916662 20.69000000 0.00800000 0.01200000 0.03200000 1.01600000 -0.23300000 0.09900000 0.06000000 0.08400000 0.23300000
116788.000000   30.5283423800  114.3556900120 20.67800000 0.00800000 0.01300000 0.02800000 0.92400000 -0.13400000 -0.12500000 0.04300000 0.06000000 0.16700000
116789.000000   30.5283506576  114.3556884790 20.69200000 0.00800000 0.01100000 0.02800000 0.93400000 -0.18900000 -0.25600000 0.05500000 0.06600000 0.21800000
116790.000000   30.5283589638  114.3556871424 20.68100000 0.00800000 0.01300000 0.02800000 0.91000000 -0.21100000 0.29000000 0.05000000 0.06000000 0.19900000
116791.000000   30.5283673182  114.3556866699 20.68200000 0.00800000 0.01100000 0.02800000 0.98500000 0.01400000 -0.06400000 0.04400000 0.05300000 0.17500000
116792.000000   30.5283755345  114.3556865706 20.68500000 0.00800000 0.01100000 0.02800000 1.01200000 0.05200000 0.36600000 0.03900000 0.04700000 0.15600000
116793.000000   30.5283840204  114.3556866387 20.67500000 0.00900000 0.01300000 0.03100000 1.02100000 -0.00800000 -0.06600000 0.04700000 0.05600000 0.18500000
116794.000000   30.5283921183  114.3556868372 20.66400000 0.00800000 0.01100000 0.02800000 0.94400000 0.11500000 -0.03400000 0.04400000 0.05300000 0.17600000
116795.000000   30.5283988347  114.3556871007 20.68600000 0.00900000 0.01300000 0.03000000 0.63900000 0.03900000 0.27100000 0.04100000 0.04900000 0.16300000
116796.000000   30.5284036975  114.3556874920 20.67700000 0.00900000 0.01300000 0.03000000 0.37800000 0.03100000 -0.16900000 0.04200000 0.05000000 0.16500000
116797.000000   30.5284041072  114.3556875732 20.69200000 0.00900000 0.01300000 0.03000000 -0.02200000 0.00000000 -0.11600000 0.02700000 0.03200000 0.10600000
116798.000000   30.5284040492  114.3556875475 20.63700000 0.00900000 0.01300000 0.03000000 -0.03900000 0.00100000 0.09200000 0.02200000 0.02600000 0.08600000
116799.000000   30.5284040543  114.3556875754 20.66200000 0.00900000 0.01300000 0.03000000 0.00700000 0.05000000 0.13900000 0.02100000 0.02600000 0.08400000
116800.000000   30.5284039829  114.3556875432 20.65800000 0.00900000 0.01300000 0.03000000 -0.03500000 0.02200000 -0.11800000 0.04100000 0.04900000 0.16200000
116801.000000   30.5284040893  114.3556875582 20.69900000 0.00800000 0.01100000 0.02800000 0.02400000 0.00200000 -0.14000000 0.02000000 0.02400000 0.08000000
116802.000000   30.5284040909  114.3556875304 20.68700000 0.00800000 0.01100000 0.02800000 -0.00700000 0.00700000 0.00700000 0.02200000 0.02600000 0.08500000
116803.000000   30.5284040893  114.3556875518 20.69000000 0.00800000 0.01100000 0.02800000 -0.00400000 0.00500000 0.01300000 0.04700000 0.05700000 0.18600000
116804.000000   30.5284040850  114.3556875640 20.68500000 0.00900000 0.01300000 0.03000000 -0.04600000 0.01000000 0.07600000 0.02000000 0.02400000 0.07900000
116805.000000   30.5284040818  114.3556875358 20.69600000 0.00900000 0.01300000 0.03000000 0.02300000 0.01500000 -0.12600000 0.02500000 0.03000000 0.10000000
116806.000000   30.5284040953  114.3556874873 20.69800000 0.00800000 0.01100000 0.02800000 0.04000000 -0.03100000 -0.10200000 0.01900000 0.02200000 0.07400000
116807.000000   30.5284041892  114.3556872481 20.67800000 0.00800000 0.01100000 0.02800000 -0.02800000 0.03100000 0.06600000 0.02500000 0.03000000 0.10000000
116808.000000   30.5284042287  114.3556872405 20.68500000 0.00800000 0.01100000 0.02800000 -0.00400000 0.00100000 -0.05500000 0.02400000 0.02900000 0.09700000
116809.000000   30.5284042185  114.3556872360 20.69500000 0.00800000 0.01100000 0.02800000 -0.04900000 -0.01700000 -0.01600000 0.03600000 0.04400000 0.14400000
116810.000000   30.5284041637  114.3556871953 20.68700000 0.00800000 0.01100000 0.02800000 -0.01900000 -0.01800000 0.06100000 0.04400000 0.05300000 0.17500000
